[gd_scene load_steps=43 format=3 uid="uid://dp184cddhtubo"]

[ext_resource type="PackedScene" uid="uid://dm35mdk4nuxai" path="res://blender_models/Base_Rig.003.glb" id="1_rt0wx"]
[ext_resource type="Script" uid="uid://bqxrflxmu3o5q" path="res://scripts/character_rig.gd" id="2_lwj41"]
[ext_resource type="Script" uid="uid://dm2ch3xio0bmc" path="res://scripts/physical_bone.gd" id="3_onypb"]

[sub_resource type="CapsuleShape3D" id="CapsuleShape3D_ujp2s"]
radius = 0.00796569
height = 0.0796569

[sub_resource type="CapsuleShape3D" id="CapsuleShape3D_o7jsn"]
radius = 0.0198789
height = 0.198789

[sub_resource type="CapsuleShape3D" id="CapsuleShape3D_jdbjt"]
radius = 0.0382146
height = 0.382146

[sub_resource type="CapsuleShape3D" id="CapsuleShape3D_s772f"]
radius = 0.0382146
height = 0.382146

[sub_resource type="CapsuleShape3D" id="CapsuleShape3D_jvxvb"]
radius = 0.0163578
height = 0.163578

[sub_resource type="CapsuleShape3D" id="CapsuleShape3D_l1btd"]
radius = 0.0223278
height = 0.223278

[sub_resource type="CapsuleShape3D" id="CapsuleShape3D_xwcbp"]
radius = 0.0174611
height = 0.174611

[sub_resource type="CapsuleShape3D" id="CapsuleShape3D_mqmr4"]
radius = 0.0280077
height = 0.280077

[sub_resource type="CapsuleShape3D" id="CapsuleShape3D_prjdr"]
radius = 0.0227913
height = 0.227913

[sub_resource type="CapsuleShape3D" id="CapsuleShape3D_m6cy8"]
radius = 0.0073355
height = 0.073355

[sub_resource type="CapsuleShape3D" id="CapsuleShape3D_ha6xk"]
radius = 0.00400606
height = 0.0400606

[sub_resource type="CapsuleShape3D" id="CapsuleShape3D_finta"]
radius = 0.00256671
height = 0.0256671

[sub_resource type="CapsuleShape3D" id="CapsuleShape3D_656fu"]
radius = 0.00433085
height = 0.0433085

[sub_resource type="CapsuleShape3D" id="CapsuleShape3D_exlho"]
radius = 0.00312081
height = 0.0312081

[sub_resource type="CapsuleShape3D" id="CapsuleShape3D_c463g"]
radius = 0.00434408
height = 0.0434408

[sub_resource type="CapsuleShape3D" id="CapsuleShape3D_nq235"]
radius = 0.00321798
height = 0.0321798

[sub_resource type="CapsuleShape3D" id="CapsuleShape3D_2mjnp"]
radius = 0.00429446
height = 0.0429446

[sub_resource type="CapsuleShape3D" id="CapsuleShape3D_uyers"]
radius = 0.00316179
height = 0.0316179

[sub_resource type="CapsuleShape3D" id="CapsuleShape3D_ol8cg"]
radius = 0.00347345
height = 0.0347345

[sub_resource type="CapsuleShape3D" id="CapsuleShape3D_52h0e"]
radius = 0.003218
height = 0.03218

[sub_resource type="CapsuleShape3D" id="CapsuleShape3D_qh7a0"]
radius = 0.00838103
height = 0.0838103

[sub_resource type="CapsuleShape3D" id="CapsuleShape3D_4smbv"]
radius = 0.0174611
height = 0.174611

[sub_resource type="CapsuleShape3D" id="CapsuleShape3D_d3usw"]
radius = 0.0280077
height = 0.280077

[sub_resource type="CapsuleShape3D" id="CapsuleShape3D_y0hts"]
radius = 0.0227913
height = 0.227913

[sub_resource type="CapsuleShape3D" id="CapsuleShape3D_p5i6u"]
radius = 0.05
height = 0.1

[sub_resource type="CapsuleShape3D" id="CapsuleShape3D_ml63j"]
radius = 0.00400606
height = 0.0400606

[sub_resource type="CapsuleShape3D" id="CapsuleShape3D_igv2v"]
radius = 0.00256671
height = 0.0256671

[sub_resource type="CapsuleShape3D" id="CapsuleShape3D_31pt3"]
radius = 0.00433085
height = 0.0433085

[sub_resource type="CapsuleShape3D" id="CapsuleShape3D_hsigb"]
radius = 0.00312081
height = 0.0312081

[sub_resource type="CapsuleShape3D" id="CapsuleShape3D_btufh"]
radius = 0.00434408
height = 0.0434408

[sub_resource type="CapsuleShape3D" id="CapsuleShape3D_kaqhu"]
radius = 0.00321798
height = 0.0321798

[sub_resource type="CapsuleShape3D" id="CapsuleShape3D_42xq1"]
radius = 0.00429446
height = 0.0429446

[sub_resource type="CapsuleShape3D" id="CapsuleShape3D_syfqy"]
radius = 0.00316179
height = 0.0316179

[sub_resource type="CapsuleShape3D" id="CapsuleShape3D_3nwp8"]
radius = 0.00347345
height = 0.0347345

[sub_resource type="CapsuleShape3D" id="CapsuleShape3D_bcs6v"]
radius = 0.003218
height = 0.03218

[sub_resource type="CapsuleShape3D" id="CapsuleShape3D_glryy"]
radius = 0.0110093
height = 0.110093

[sub_resource type="CapsuleShape3D" id="CapsuleShape3D_kdqqd"]
radius = 0.0924058
height = 0.924057

[sub_resource type="CapsuleShape3D" id="CapsuleShape3D_aqt4p"]
radius = 0.00072917
height = 0.0072917

[sub_resource type="CapsuleShape3D" id="CapsuleShape3D_pm70o"]
radius = 0.0110974
height = 0.110974

[node name="Base_Rig_003" instance=ExtResource("1_rt0wx")]
script = ExtResource("2_lwj41")

[node name="Skeleton3D" parent="rig_base" index="0"]
bones/1/position = Vector3(0, -0.00734104, -1.08166)
bones/3/rotation = Quaternion(0.0624129, 0.987931, -0.140435, 0.0193891)
bones/4/rotation = Quaternion(-0.169648, 0.000574039, -0.024455, 0.985201)
bones/5/rotation = Quaternion(-0.0669873, 0.911609, -0.405475, -0.00844035)
bones/6/rotation = Quaternion(-0.237417, -0.000565655, 0.034224, 0.970805)
bones/7/rotation = Quaternion(0.689521, 0, 0, 0.724266)
bones/9/rotation = Quaternion(-0.37853, -0.0699047, -0.48643, 0.784356)
bones/10/rotation = Quaternion(0.0551318, 0.522899, -0.525178, 0.669122)
bones/11/rotation = Quaternion(0.58382, 0.254485, -0.308934, 0.706364)
bones/28/rotation = Quaternion(0.578387, 0.00813987, -0.62881, 0.519616)
bones/31/rotation = Quaternion(0.231148, 0, 0, 0.972919)
bones/32/rotation = Quaternion(-0.385445, 0.0426578, 0.527101, 0.75616)
bones/33/rotation = Quaternion(0.0498566, -0.575361, 0.459887, 0.674521)
bones/34/rotation = Quaternion(0.607561, -0.193057, 0.300747, 0.70933)
bones/51/rotation = Quaternion(0.649991, -0.011393, 0.567534, 0.505259)
bones/53/position = Vector3(0.173005, -0.249205, -0.102729)
bones/53/rotation = Quaternion(0.27751, 0, 0, 0.960723)
bones/54/rotation = Quaternion(-0.203431, 0.0938934, 0.051807, 0.973199)
bones/56/position = Vector3(0.173005, -0.249205, -0.102729)
bones/58/position = Vector3(-0.173005, 0.154709, -0.102729)
bones/59/position = Vector3(-1.49012e-08, -1.90921e-07, 2.1645e-07)
bones/59/rotation = Quaternion(0.961676, 0, 0, -0.27419)
bones/60/rotation = Quaternion(-0.198845, -0.0946101, -0.0526296, 0.974033)
bones/62/rotation = Quaternion(0.0570964, 1.75889e-15, 0.998369, -9.40992e-09)

[node name="PhysicalBoneSimulator3D" type="PhysicalBoneSimulator3D" parent="rig_base/Skeleton3D" index="1"]

[node name="Physical Bone torso_crtl" type="PhysicalBone3D" parent="rig_base/Skeleton3D/PhysicalBoneSimulator3D" index="0"]
transform = Transform3D(-1, 0, 0, 0, 6.85401e-08, -1, 0, -1, -6.85401e-08, 0, 0.0324874, -1.08166)
collision_layer = 2
collision_mask = 2
joint_offset = Transform3D(1, 0, 0, 0, 1, 0, 0, 0, 1, 0, -2.72984e-09, 0.0398284)
body_offset = Transform3D(-1, 0, 0, 0, -6.85401e-08, 1, 0, 1, 6.85401e-08, 0, -0.0398284, 0)
bone_name = "torso_crtl"
script = ExtResource("3_onypb")

[node name="CollisionShape3D" type="CollisionShape3D" parent="rig_base/Skeleton3D/PhysicalBoneSimulator3D/Physical Bone torso_crtl" index="0"]
transform = Transform3D(1.1, 0, 0, 0, -4.80825e-08, 1.1, 0, -1.1, -4.80825e-08, 0, 0, 0)
shape = SubResource("CapsuleShape3D_ujp2s")
debug_color = Color(0.878299, 0.000386779, 0.827781, 0.42)

[node name="Physical Bone hips" type="PhysicalBone3D" parent="rig_base/Skeleton3D/PhysicalBoneSimulator3D" index="1"]
transform = Transform3D(-0.358005, -0.81421, -0.45705, -0.874806, 0.121366, 0.469025, -0.326414, 0.567743, -0.755726, 0.0454289, 0.0256935, -1.00654)
collision_layer = 2
collision_mask = 2
joint_type = 1
joint_offset = Transform3D(1, 0, 0, 0, 1, 0, 0, 0, 1, -2.36183e-06, -4.23752e-07, 0.0993985)
body_offset = Transform3D(-0.358005, -0.81421, -0.45705, -3.39746e-06, 0.489495, -0.872006, 0.93372, -0.312181, -0.175244, 0.0454289, 0.0866763, 0.0174211)
bone_name = "hips"
joint_constraints/bias = 0.3
joint_constraints/damping = 1.0
joint_constraints/impulse_clamp = 0.0
script = ExtResource("3_onypb")

[node name="CollisionShape3D" type="CollisionShape3D" parent="rig_base/Skeleton3D/PhysicalBoneSimulator3D/Physical Bone hips" index="0"]
transform = Transform3D(1.1, 0, 0, 0, -4.80825e-08, 1.1, 0, -1.1, -4.80825e-08, 0, 0, 0)
shape = SubResource("CapsuleShape3D_o7jsn")
debug_color = Color(0.878299, 0.000386779, 0.827781, 0.42)

[node name="Physical Bone thigh_L" type="PhysicalBone3D" parent="rig_base/Skeleton3D/PhysicalBoneSimulator3D" index="2"]
transform = Transform3D(-0.991458, 0.0207795, -0.128764, 0.0111101, 0.997094, 0.0753618, 0.129955, 0.0732874, -0.988808, 0.115479, -0.0353337, -0.742475)
collision_layer = 2
collision_mask = 2
joint_type = 1
joint_offset = Transform3D(1, 0, 0, 0, 1, 0, 0, 0, 1, 1.6859e-05, 1.17234e-05, 0.191097)
body_offset = Transform3D(1, 4.76837e-07, -1.43406e-06, -1.42667e-06, -2.47359e-06, -1, -4.81494e-07, 1, -2.43634e-06, -1.6585e-05, 0.191097, -1.12578e-05)
bone_name = "thigh.L"
joint_constraints/bias = 0.3
joint_constraints/damping = 1.0
joint_constraints/impulse_clamp = 0.0
script = ExtResource("3_onypb")

[node name="CollisionShape3D" type="CollisionShape3D" parent="rig_base/Skeleton3D/PhysicalBoneSimulator3D/Physical Bone thigh_L" index="0"]
transform = Transform3D(1.1, 0, 0, 0, -4.80825e-08, 1.1, 0, -1.1, -4.80825e-08, 0, 0, 0)
shape = SubResource("CapsuleShape3D_jdbjt")
debug_color = Color(0.878299, 0.000386779, 0.827781, 0.42)

[node name="Physical Bone thigh_R" type="PhysicalBone3D" parent="rig_base/Skeleton3D/PhysicalBoneSimulator3D" index="3"]
transform = Transform3D(-0.990884, 0.0389398, 0.12897, -0.024999, 0.887545, -0.460042, -0.132381, -0.459073, -0.87848, -0.115496, 0.0669893, -0.76358)
collision_layer = 2
collision_mask = 2
joint_type = 1
joint_offset = Transform3D(1, 0, 0, 0, 1, 0, 0, 0, 1, 3.33928e-06, -8.92237e-06, 0.191073)
body_offset = Transform3D(1, -9.41008e-06, 8.18074e-06, 8.16584e-06, 3.33488e-05, -1, 9.41381e-06, 1, 3.34382e-05, -4.90248e-06, 0.191073, 2.5332e-06)
bone_name = "thigh.R"
joint_constraints/bias = 0.3
joint_constraints/damping = 1.0
joint_constraints/impulse_clamp = 0.0
script = ExtResource("3_onypb")

[node name="CollisionShape3D" type="CollisionShape3D" parent="rig_base/Skeleton3D/PhysicalBoneSimulator3D/Physical Bone thigh_R" index="0"]
transform = Transform3D(1.1, 0, 0, 0, -4.80825e-08, 1.1, 0, -1.1, -4.80825e-08, 0, 0, 0)
shape = SubResource("CapsuleShape3D_s772f")
debug_color = Color(0.878299, 0.000386779, 0.827781, 0.42)

[node name="Physical Bone torso_1" type="PhysicalBone3D" parent="rig_base/Skeleton3D/PhysicalBoneSimulator3D" index="4"]
transform = Transform3D(1, -1.51463e-07, -5.08679e-08, 1.53779e-07, 0.998793, 0.0491223, 4.33663e-08, -0.0491223, 0.998793, 3.24799e-08, 0.0682998, -1.16334)
collision_layer = 2
collision_mask = 2
joint_type = 1
joint_offset = Transform3D(1, 0, 0, 0, 1, 0, 0, 0, 1, -2.83201e-08, -1.22436e-06, 0.0817808)
body_offset = Transform3D(1, -1.51463e-07, -5.08679e-08, -5.08679e-08, 2.12342e-07, -1, 1.51463e-07, 1, 2.12342e-07, 3.24799e-08, 0.0817808, 1.20699e-06)
bone_name = "torso_1"
joint_constraints/bias = 0.3
joint_constraints/damping = 1.0
joint_constraints/impulse_clamp = 0.0
script = ExtResource("3_onypb")

[node name="CollisionShape3D" type="CollisionShape3D" parent="rig_base/Skeleton3D/PhysicalBoneSimulator3D/Physical Bone torso_1" index="0"]
transform = Transform3D(1.1, 0, 0, 0, -4.80825e-08, 1.1, 0, -1.1, -4.80825e-08, 0, 0, 0)
shape = SubResource("CapsuleShape3D_jvxvb")
debug_color = Color(0.878299, 0.000386779, 0.827781, 0.42)

[node name="Physical Bone torso_2" type="PhysicalBone3D" parent="rig_base/Skeleton3D/PhysicalBoneSimulator3D" index="5"]
transform = Transform3D(-0.551999, -0.81417, -0.180068, 0.826821, -0.562405, 0.00826943, -0.108004, -0.144319, 0.983619, 0.020088, 0.0633601, -1.35486)
collision_layer = 2
collision_mask = 2
joint_type = 1
joint_offset = Transform3D(1, 0, 0, 0, 1, 0, 0, 0, 1, -1.14702e-05, -1.18841e-05, 0.111647)
body_offset = Transform3D(-0.551999, -0.81417, -0.180068, 3.09944e-06, 0.215947, -0.976405, 0.833845, -0.538975, -0.1192, 0.020088, 0.109015, 0.0133114)
bone_name = "torso_2"
joint_constraints/bias = 0.3
joint_constraints/damping = 1.0
joint_constraints/impulse_clamp = 0.0
script = ExtResource("3_onypb")

[node name="CollisionShape3D" type="CollisionShape3D" parent="rig_base/Skeleton3D/PhysicalBoneSimulator3D/Physical Bone torso_2" index="0"]
transform = Transform3D(1.1, 0, 0, 0, -4.80825e-08, 1.1, 0, -1.1, -4.80825e-08, 0, 0, 0)
shape = SubResource("CapsuleShape3D_l1btd")
debug_color = Color(0.878299, 0.000386779, 0.827781, 0.42)

[node name="Physical Bone shoulder_L" type="PhysicalBone3D" parent="rig_base/Skeleton3D/PhysicalBoneSimulator3D" index="6"]
transform = Transform3D(0.51274, 0.456462, -0.727145, 0.55587, 0.468962, 0.686355, 0.654298, -0.75612, -0.0132776, 0.103664, 0.00251695, -1.46352)
collision_layer = 2
collision_mask = 2
joint_type = 1
joint_offset = Transform3D(1, 0, 0, 0, 1, 0, 0, 0, 1, 2.12298e-06, -9.26107e-06, 0.0873076)
body_offset = Transform3D(0.999869, 0.0157329, 0.00392744, 3.60608e-06, 0.241975, -0.970282, -0.0162159, 0.970155, 0.241943, -0.000344872, 0.0847153, -0.0211145)
bone_name = "shoulder.L"
joint_constraints/bias = 0.3
joint_constraints/damping = 1.0
joint_constraints/impulse_clamp = 0.0
script = ExtResource("3_onypb")

[node name="CollisionShape3D" type="CollisionShape3D" parent="rig_base/Skeleton3D/PhysicalBoneSimulator3D/Physical Bone shoulder_L" index="0"]
transform = Transform3D(1.1, 0, 0, 0, -4.80825e-08, 1.1, 0, -1.1, -4.80825e-08, 0, 0, 0)
shape = SubResource("CapsuleShape3D_xwcbp")
debug_color = Color(0.878299, 0.000386779, 0.827781, 0.42)

[node name="Physical Bone arm_1_L" type="PhysicalBone3D" parent="rig_base/Skeleton3D/PhysicalBoneSimulator3D" index="7"]
transform = Transform3D(-0.77323, -0.0608741, -0.631197, -0.163005, 0.981014, 0.105073, 0.612817, 0.184134, -0.768473, 0.255347, -0.0721243, -1.35477)
collision_layer = 2
collision_mask = 2
joint_type = 1
joint_offset = Transform3D(1, 0, 0, 0, 1, 0, 0, 0, 1, -0.000126161, -2.51456e-06, 0.139895)
body_offset = Transform3D(1, 5.87106e-06, 8.80398e-05, 8.84328e-05, 7.83429e-05, -1, -5.91576e-06, 1, 7.80448e-05, 0.000113845, 0.139895, -8.40425e-06)
bone_name = "arm_1.L"
joint_constraints/bias = 0.3
joint_constraints/damping = 1.0
joint_constraints/impulse_clamp = 0.0
script = ExtResource("3_onypb")

[node name="CollisionShape3D" type="CollisionShape3D" parent="rig_base/Skeleton3D/PhysicalBoneSimulator3D/Physical Bone arm_1_L" index="0"]
transform = Transform3D(1.1, 0, 0, 0, -4.80825e-08, 1.1, 0, -1.1, -4.80825e-08, 0, 0, 0)
shape = SubResource("CapsuleShape3D_mqmr4")
debug_color = Color(0.878299, 0.000386779, 0.827781, 0.42)

[node name="Physical Bone arm_2_L" type="PhysicalBone3D" parent="rig_base/Skeleton3D/PhysicalBoneSimulator3D" index="8"]
transform = Transform3D(-0.569607, -0.630345, 0.527459, -0.802665, 0.288527, -0.521997, 0.176852, -0.720706, -0.670303, 0.283804, -0.0273013, -1.17075)
collision_layer = 2
collision_mask = 2
joint_type = 1
joint_offset = Transform3D(1, 0, 0, 0, 1, 0, 0, 0, 1, 3.5027e-05, -3.61958e-05, 0.113944)
body_offset = Transform3D(1, -4.67896e-06, 9.25064e-05, 9.2268e-05, 8.58307e-06, -1, 4.47035e-06, 1, 9.0301e-06, -4.55678e-05, 0.113944, 3.51667e-05)
bone_name = "arm_2.L"
joint_constraints/bias = 0.3
joint_constraints/damping = 1.0
joint_constraints/impulse_clamp = 0.0
script = ExtResource("3_onypb")

[node name="CollisionShape3D" type="CollisionShape3D" parent="rig_base/Skeleton3D/PhysicalBoneSimulator3D/Physical Bone arm_2_L" index="0"]
transform = Transform3D(1.1, 0, 0, 0, -4.80825e-08, 1.1, 0, -1.1, -4.80825e-08, 0, 0, 0)
shape = SubResource("CapsuleShape3D_prjdr")
debug_color = Color(0.878299, 0.000386779, 0.827781, 0.42)

[node name="Physical Bone hand_L" type="PhysicalBone3D" parent="rig_base/Skeleton3D/PhysicalBoneSimulator3D" index="9"]
transform = Transform3D(-0.818148, -0.572683, 0.0516591, -0.493287, 0.652868, -0.574831, 0.295469, -0.49578, -0.81664, 0.221783, 0.0532202, -1.06437)
collision_layer = 2
collision_mask = 2
joint_type = 1
joint_offset = Transform3D(1, 0, 0, 0, 1, 0, 0, 0, 1, -1.42539e-06, -1.25915e-06, 0.0366798)
body_offset = Transform3D(0.982861, -0.173378, -0.062644, -1.75834e-06, 0.339805, -0.940496, 0.184348, 0.924377, 0.333981, 0.00229895, 0.0344976, -0.0122489)
bone_name = "hand.L"
joint_constraints/bias = 0.3
joint_constraints/damping = 1.0
joint_constraints/impulse_clamp = 0.0
script = ExtResource("3_onypb")

[node name="CollisionShape3D" type="CollisionShape3D" parent="rig_base/Skeleton3D/PhysicalBoneSimulator3D/Physical Bone hand_L" index="0"]
transform = Transform3D(1.1, 0, 0, 0, -4.80825e-08, 1.1, 0, -1.1, -4.80825e-08, 0, 0, 0)
shape = SubResource("CapsuleShape3D_m6cy8")
debug_color = Color(0.878299, 0.000386779, 0.827781, 0.42)

[node name="Physical Bone pinky_1_L" type="PhysicalBone3D" parent="rig_base/Skeleton3D/PhysicalBoneSimulator3D" index="10"]
transform = Transform3D(-0.590735, -0.687101, 0.422994, -0.764274, 0.308424, -0.566356, 0.258682, -0.65785, -0.707331, 0.211523, 0.0857167, -1.02031)
collision_layer = 2
collision_mask = 2
joint_type = 1
joint_offset = Transform3D(1, 0, 0, 0, 1, 0, 0, 0, 1, 0.000130571, 1.38943e-05, 0.0199839)
body_offset = Transform3D(1, -2.69711e-06, -1.81794e-06, -2.11596e-06, -6.69062e-06, -1, 2.44379e-06, 1, -6.30319e-06, -0.000130534, 0.0199839, -1.37687e-05)
bone_name = "pinky_1.L"
joint_constraints/bias = 0.3
joint_constraints/damping = 1.0
joint_constraints/impulse_clamp = 0.0
script = ExtResource("3_onypb")

[node name="CollisionShape3D" type="CollisionShape3D" parent="rig_base/Skeleton3D/PhysicalBoneSimulator3D/Physical Bone pinky_1_L" index="0"]
transform = Transform3D(1.1, 0, 0, 0, -4.80825e-08, 1.1, 0, -1.1, -4.80825e-08, 0, 0, 0)
shape = SubResource("CapsuleShape3D_ha6xk")
debug_color = Color(0.878299, 0.000386779, 0.827781, 0.42)

[node name="Physical Bone pinky_2_L" type="PhysicalBone3D" parent="rig_base/Skeleton3D/PhysicalBoneSimulator3D" index="11"]
transform = Transform3D(-0.427799, -0.660525, 0.617005, -0.902626, 0.276323, -0.330019, 0.0474933, -0.698106, -0.714418, 0.195031, 0.10123, -0.996924)
collision_layer = 2
collision_mask = 2
joint_type = 1
joint_offset = Transform3D(1, 0, 0, 0, 1, 0, 0, 0, 1, 4.9063e-06, -3.41264e-06, 0.0128258)
body_offset = Transform3D(1, -5.82635e-06, -3.78489e-06, -3.99351e-06, -8.65012e-06, -1, 5.70714e-06, 1, -8.11368e-06, -4.85778e-06, 0.0128258, 3.51667e-06)
bone_name = "pinky_2.L"
joint_constraints/bias = 0.3
joint_constraints/damping = 1.0
joint_constraints/impulse_clamp = 0.0
script = ExtResource("3_onypb")

[node name="CollisionShape3D" type="CollisionShape3D" parent="rig_base/Skeleton3D/PhysicalBoneSimulator3D/Physical Bone pinky_2_L" index="0"]
transform = Transform3D(1.1, 0, 0, 0, -4.80825e-08, 1.1, 0, -1.1, -4.80825e-08, 0, 0, 0)
shape = SubResource("CapsuleShape3D_finta")
debug_color = Color(0.878299, 0.000386779, 0.827781, 0.42)

[node name="Physical Bone ring_1_L" type="PhysicalBone3D" parent="rig_base/Skeleton3D/PhysicalBoneSimulator3D" index="12"]
transform = Transform3D(-0.603322, -0.670363, 0.431991, -0.758564, 0.3152, -0.570289, 0.246137, -0.671761, -0.69868, 0.19666, 0.0933285, -1.0284)
collision_layer = 2
collision_mask = 2
joint_type = 1
joint_offset = Transform3D(1, 0, 0, 0, 1, 0, 0, 0, 1, -0.00123038, 1.19062e-05, 0.022688)
body_offset = Transform3D(1, 0.000128716, 1.94311e-05, 1.92523e-05, -0.000117183, -1, -0.000129044, 1, -0.000116691, 0.00122994, 0.022688, -9.41753e-06)
bone_name = "ring_1.L"
joint_constraints/bias = 0.3
joint_constraints/damping = 1.0
joint_constraints/impulse_clamp = 0.0
script = ExtResource("3_onypb")

[node name="CollisionShape3D" type="CollisionShape3D" parent="rig_base/Skeleton3D/PhysicalBoneSimulator3D/Physical Bone ring_1_L" index="0"]
transform = Transform3D(1.1, 0, 0, 0, -4.80825e-08, 1.1, 0, -1.1, -4.80825e-08, 0, 0, 0)
shape = SubResource("CapsuleShape3D_656fu")
debug_color = Color(0.878299, 0.000386779, 0.827781, 0.42)

[node name="Physical Bone ring_2_L" type="PhysicalBone3D" parent="rig_base/Skeleton3D/PhysicalBoneSimulator3D" index="13"]
transform = Transform3D(-0.478643, -0.670162, 0.56726, -0.875511, 0.31559, -0.365901, 0.0661916, -0.671778, -0.737789, 0.179601, 0.111673, -1.00277)
collision_layer = 2
collision_mask = 2
joint_type = 1
joint_offset = Transform3D(1, 0, 0, 0, 1, 0, 0, 0, 1, -7.02069e-05, 5.74146e-06, 0.0156149)
body_offset = Transform3D(1, 2.74181e-06, -4.29153e-06, -4.47035e-06, 5.82635e-06, -1, -2.92063e-06, 1, 6.3777e-06, 7.02739e-05, 0.0156149, -5.84126e-06)
bone_name = "ring_2.L"
joint_constraints/bias = 0.3
joint_constraints/damping = 1.0
joint_constraints/impulse_clamp = 0.0
script = ExtResource("3_onypb")

[node name="CollisionShape3D" type="CollisionShape3D" parent="rig_base/Skeleton3D/PhysicalBoneSimulator3D/Physical Bone ring_2_L" index="0"]
transform = Transform3D(1.1, 0, 0, 0, -4.80825e-08, 1.1, 0, -1.1, -4.80825e-08, 0, 0, 0)
shape = SubResource("CapsuleShape3D_exlho")
debug_color = Color(0.878299, 0.000386779, 0.827781, 0.42)

[node name="Physical Bone mid_1_L" type="PhysicalBone3D" parent="rig_base/Skeleton3D/PhysicalBoneSimulator3D" index="14"]
transform = Transform3D(-0.617484, -0.590375, 0.51978, -0.752453, 0.250803, -0.609026, 0.229191, -0.767174, -0.599096, 0.182845, 0.10259, -1.04123)
collision_layer = 2
collision_mask = 2
joint_type = 1
joint_offset = Transform3D(1, 0, 0, 0, 1, 0, 0, 0, 1, 0.000436833, -3.43829e-06, 0.0217741)
body_offset = Transform3D(1, -0.000311404, -0.000495106, -0.000495344, 0.000197768, -1, 0.000311196, 1, 0.0001982, -0.000426054, 0.0217743, -1.01328e-06)
bone_name = "mid_1.L"
joint_constraints/bias = 0.3
joint_constraints/damping = 1.0
joint_constraints/impulse_clamp = 0.0
script = ExtResource("3_onypb")

[node name="CollisionShape3D" type="CollisionShape3D" parent="rig_base/Skeleton3D/PhysicalBoneSimulator3D/Physical Bone mid_1_L" index="0"]
transform = Transform3D(1.1, 0, 0, 0, -4.80825e-08, 1.1, 0, -1.1, -4.80825e-08, 0, 0, 0)
shape = SubResource("CapsuleShape3D_c463g")
debug_color = Color(0.878299, 0.000386779, 0.827781, 0.42)

[node name="Physical Bone mid_2_L" type="PhysicalBone3D" parent="rig_base/Skeleton3D/PhysicalBoneSimulator3D" index="15"]
transform = Transform3D(-0.496009, -0.655948, 0.568953, -0.866357, 0.329856, -0.374993, 0.0583037, -0.678917, -0.731897, 0.162175, 0.121504, -1.01639)
collision_layer = 2
collision_mask = 2
joint_type = 1
joint_offset = Transform3D(1, 0, 0, 0, 1, 0, 0, 0, 1, -6.94254e-09, 4.7605e-06, 0.0160856)
body_offset = Transform3D(1, -2.38419e-06, -1.62423e-05, -1.63913e-05, 3.64333e-06, -1, 2.23517e-06, 1, 4.19468e-06, 2.68221e-07, 0.0160856, -4.82798e-06)
bone_name = "mid_2.L"
joint_constraints/bias = 0.3
joint_constraints/damping = 1.0
joint_constraints/impulse_clamp = 0.0
script = ExtResource("3_onypb")

[node name="CollisionShape3D" type="CollisionShape3D" parent="rig_base/Skeleton3D/PhysicalBoneSimulator3D/Physical Bone mid_2_L" index="0"]
transform = Transform3D(1.1, 0, 0, 0, -4.80825e-08, 1.1, 0, -1.1, -4.80825e-08, 0, 0, 0)
shape = SubResource("CapsuleShape3D_nq235")
debug_color = Color(0.878299, 0.000386779, 0.827781, 0.42)

[node name="Physical Bone point_1_L" type="PhysicalBone3D" parent="rig_base/Skeleton3D/PhysicalBoneSimulator3D" index="16"]
transform = Transform3D(-0.628831, -0.577603, 0.520525, -0.747274, 0.263982, -0.609832, 0.214832, -0.772456, -0.597628, 0.167486, 0.10842, -1.06041)
collision_layer = 2
collision_mask = 2
joint_type = 1
joint_offset = Transform3D(1, 0, 0, 0, 1, 0, 0, 0, 1, 2.95218e-05, -1.6672e-06, 0.0214827)
body_offset = Transform3D(1, -3.29465e-05, -6.04689e-05, -6.07371e-05, -2.27541e-05, -1, 3.27379e-05, 1, -2.23219e-05, -2.82228e-05, 0.0214827, 2.14577e-06)
bone_name = "point_1.L"
joint_constraints/bias = 0.3
joint_constraints/damping = 1.0
joint_constraints/impulse_clamp = 0.0
script = ExtResource("3_onypb")

[node name="CollisionShape3D" type="CollisionShape3D" parent="rig_base/Skeleton3D/PhysicalBoneSimulator3D/Physical Bone point_1_L" index="0"]
transform = Transform3D(1.1, 0, 0, 0, -4.80825e-08, 1.1, 0, -1.1, -4.80825e-08, 0, 0, 0)
shape = SubResource("CapsuleShape3D_2mjnp")
debug_color = Color(0.878299, 0.000386779, 0.827781, 0.42)

[node name="Physical Bone point_2_L" type="PhysicalBone3D" parent="rig_base/Skeleton3D/PhysicalBoneSimulator3D" index="17"]
transform = Transform3D(-0.487677, -0.596588, 0.63738, -0.871159, 0.284843, -0.399934, 0.0570428, -0.750298, -0.658634, 0.146238, 0.12783, -1.03717)
collision_layer = 2
collision_mask = 2
joint_type = 1
joint_offset = Transform3D(1, 0, 0, 0, 1, 0, 0, 0, 1, 2.46325e-05, 3.83392e-06, 0.0158072)
body_offset = Transform3D(0.999999, 5.58794e-06, -0.00133395, -0.00133419, -1.69873e-06, -0.999999, -5.73695e-06, 1, -1.20699e-06, -3.54648e-06, 0.0158072, -3.8147e-06)
bone_name = "point_2.L"
joint_constraints/bias = 0.3
joint_constraints/damping = 1.0
joint_constraints/impulse_clamp = 0.0
script = ExtResource("3_onypb")

[node name="CollisionShape3D" type="CollisionShape3D" parent="rig_base/Skeleton3D/PhysicalBoneSimulator3D/Physical Bone point_2_L" index="0"]
transform = Transform3D(1.1, 0, 0, 0, -4.80825e-08, 1.1, 0, -1.1, -4.80825e-08, 0, 0, 0)
shape = SubResource("CapsuleShape3D_uyers")
debug_color = Color(0.878299, 0.000386779, 0.827781, 0.42)

[node name="Physical Bone thumb_1_L" type="PhysicalBone3D" parent="rig_base/Skeleton3D/PhysicalBoneSimulator3D" index="18"]
transform = Transform3D(-0.389994, -0.0636413, 0.918616, -0.910128, -0.124922, -0.395045, 0.139897, -0.990123, -0.00920295, 0.180838, 0.0727082, -1.09839)
collision_layer = 2
collision_mask = 2
joint_type = 1
joint_offset = Transform3D(1, 0, 0, 0, 1, 0, 0, 0, 1, 4.64127e-07, -1.77398e-06, 0.0173646)
body_offset = Transform3D(1, -8.60542e-06, -9.56655e-06, -9.65595e-06, -8.86619e-07, -1, 8.58307e-06, 1, -8.15839e-07, -2.98023e-07, 0.0173646, 1.78814e-06)
bone_name = "thumb_1.L"
joint_constraints/bias = 0.3
joint_constraints/damping = 1.0
joint_constraints/impulse_clamp = 0.0
script = ExtResource("3_onypb")

[node name="CollisionShape3D" type="CollisionShape3D" parent="rig_base/Skeleton3D/PhysicalBoneSimulator3D/Physical Bone thumb_1_L" index="0"]
transform = Transform3D(1.1, 0, 0, 0, -4.80825e-08, 1.1, 0, -1.1, -4.80825e-08, 0, 0, 0)
shape = SubResource("CapsuleShape3D_ol8cg")
debug_color = Color(0.878299, 0.000386779, 0.827781, 0.42)

[node name="Physical Bone thumb_2_L" type="PhysicalBone3D" parent="rig_base/Skeleton3D/PhysicalBoneSimulator3D" index="19"]
transform = Transform3D(-0.547296, -0.270963, 0.791862, -0.829967, 0.0538454, -0.555207, 0.107803, -0.961082, -0.25436, 0.152133, 0.0885037, -1.09413)
collision_layer = 2
collision_mask = 2
joint_type = 1
joint_offset = Transform3D(1, 0, 0, 0, 1, 0, 0, 0, 1, -4.76333e-06, 1.94881e-06, 0.0160977)
body_offset = Transform3D(1, 2.98023e-07, -7.7188e-06, -8.01682e-06, 4.56348e-06, -1, -4.28408e-07, 1, 4.82984e-06, 4.88758e-06, 0.0160977, -2.02656e-06)
bone_name = "thumb_2.L"
joint_constraints/bias = 0.3
joint_constraints/damping = 1.0
joint_constraints/impulse_clamp = 0.0
script = ExtResource("3_onypb")

[node name="CollisionShape3D" type="CollisionShape3D" parent="rig_base/Skeleton3D/PhysicalBoneSimulator3D/Physical Bone thumb_2_L" index="0"]
transform = Transform3D(1.1, 0, 0, 0, -4.80825e-08, 1.1, 0, -1.1, -4.80825e-08, 0, 0, 0)
shape = SubResource("CapsuleShape3D_52h0e")
debug_color = Color(0.878299, 0.000386779, 0.827781, 0.42)

[node name="Physical Bone neck" type="PhysicalBone3D" parent="rig_base/Skeleton3D/PhysicalBoneSimulator3D" index="20"]
transform = Transform3D(1, 4.53147e-07, -1.56675e-06, 2.84896e-07, 0.897325, 0.44137, 1.60589e-06, -0.44137, 0.897325, 2.41562e-08, 0.0163306, -1.50819)
collision_layer = 2
collision_mask = 2
joint_type = 1
joint_offset = Transform3D(1, 0, 0, 0, 1, 0, 0, 0, 1, 4.1478e-08, -2.13703e-06, 0.0418913)
body_offset = Transform3D(1, 4.53147e-07, -1.56675e-06, -1.56675e-06, -1.49012e-07, -1, -4.53147e-07, 1, -2.08616e-07, 2.41562e-08, 0.0418913, 2.14577e-06)
bone_name = "neck"
joint_constraints/bias = 0.3
joint_constraints/damping = 1.0
joint_constraints/impulse_clamp = 0.0
script = ExtResource("3_onypb")

[node name="CollisionShape3D" type="CollisionShape3D" parent="rig_base/Skeleton3D/PhysicalBoneSimulator3D/Physical Bone neck" index="0"]
transform = Transform3D(1.1, 0, 0, 0, -4.80825e-08, 1.1, 0, -1.1, -4.80825e-08, 0, 0, 0)
shape = SubResource("CapsuleShape3D_qh7a0")
debug_color = Color(0.878299, 0.000386779, 0.827781, 0.42)

[node name="Physical Bone shoulder_R" type="PhysicalBone3D" parent="rig_base/Skeleton3D/PhysicalBoneSimulator3D" index="21"]
transform = Transform3D(0.43509, -0.539402, 0.720931, -0.555871, 0.468964, 0.686354, -0.708311, -0.69937, -0.0957967, -0.103126, 0.00252026, -1.45631)
collision_layer = 2
collision_mask = 2
joint_type = 1
joint_offset = Transform3D(1, 0, 0, 0, 1, 0, 0, 0, 1, 4.6629e-06, -8.84011e-06, 0.0873082)
body_offset = Transform3D(0.999869, -0.0157347, -0.00392517, -1.13249e-06, 0.241974, -0.970283, 0.016217, 0.970155, 0.241942, 0.000337899, 0.0847158, -0.0211151)
bone_name = "shoulder.R"
joint_constraints/bias = 0.3
joint_constraints/damping = 1.0
joint_constraints/impulse_clamp = 0.0
script = ExtResource("3_onypb")

[node name="CollisionShape3D" type="CollisionShape3D" parent="rig_base/Skeleton3D/PhysicalBoneSimulator3D/Physical Bone shoulder_R" index="0"]
transform = Transform3D(1.1, 0, 0, 0, -4.80825e-08, 1.1, 0, -1.1, -4.80825e-08, 0, 0, 0)
shape = SubResource("CapsuleShape3D_4smbv")
debug_color = Color(0.878299, 0.000386779, 0.827781, 0.42)

[node name="Physical Bone arm_1_R" type="PhysicalBone3D" parent="rig_base/Skeleton3D/PhysicalBoneSimulator3D" index="22"]
transform = Transform3D(-0.785775, 0.0593819, 0.615656, 0.240194, 0.946556, 0.215266, -0.569969, 0.317028, -0.758043, -0.25227, -0.0875447, -1.34178)
collision_layer = 2
collision_mask = 2
joint_type = 1
joint_offset = Transform3D(1, 0, 0, 0, 1, 0, 0, 0, 1, 4.91947e-06, -9.49621e-06, 0.140038)
body_offset = Transform3D(1, -4.94719e-06, -7.34366e-05, -7.35819e-05, 6.9499e-05, -1, 5.1707e-06, 1, 6.95139e-05, 5.36442e-06, 0.140038, -2.38419e-07)
bone_name = "arm_1.R"
joint_constraints/bias = 0.3
joint_constraints/damping = 1.0
joint_constraints/impulse_clamp = 0.0
script = ExtResource("3_onypb")

[node name="CollisionShape3D" type="CollisionShape3D" parent="rig_base/Skeleton3D/PhysicalBoneSimulator3D/Physical Bone arm_1_R" index="0"]
transform = Transform3D(1.1, 0, 0, 0, -4.80825e-08, 1.1, 0, -1.1, -4.80825e-08, 0, 0, 0)
shape = SubResource("CapsuleShape3D_d3usw")
debug_color = Color(0.878299, 0.000386779, 0.827781, 0.42)

[node name="Physical Bone arm_2_R" type="PhysicalBone3D" parent="rig_base/Skeleton3D/PhysicalBoneSimulator3D" index="23"]
transform = Transform3D(-0.665386, 0.54125, -0.51411, 0.742606, 0.409684, -0.529807, -0.0761354, -0.734308, -0.674534, -0.279877, -0.0572708, -1.15858)
collision_layer = 2
collision_mask = 2
joint_type = 1
joint_offset = Transform3D(1, 0, 0, 0, 1, 0, 0, 0, 1, -1.01825e-05, 9.8505e-05, 0.114092)
body_offset = Transform3D(1, 3.96371e-06, -8.9556e-05, -8.92878e-05, 3.30806e-06, -1, -3.63588e-06, 1, 3.32296e-06, 2.03997e-05, 0.114092, -9.88841e-05)
bone_name = "arm_2.R"
joint_constraints/bias = 0.3
joint_constraints/damping = 1.0
joint_constraints/impulse_clamp = 0.0
script = ExtResource("3_onypb")

[node name="CollisionShape3D" type="CollisionShape3D" parent="rig_base/Skeleton3D/PhysicalBoneSimulator3D/Physical Bone arm_2_R" index="0"]
transform = Transform3D(1.1, 0, 0, 0, -4.80825e-08, 1.1, 0, -1.1, -4.80825e-08, 0, 0, 0)
shape = SubResource("CapsuleShape3D_y0hts")
debug_color = Color(0.878299, 0.000386779, 0.827781, 0.42)

[node name="Physical Bone hand_R" type="PhysicalBone3D" parent="rig_base/Skeleton3D/PhysicalBoneSimulator3D" index="24"]
transform = Transform3D(-0.886445, 0.460422, -0.0471979, 0.41604, 0.747983, -0.517138, -0.202799, -0.478051, -0.854599, -0.219553, 0.0238121, -1.05053)
collision_layer = 2
collision_mask = 2
joint_type = 1
joint_offset = Transform3D(1, 0, 0, 0, 1, 0, 0, 0, 1, -0.000745021, -0.00134402, 0.037604)
body_offset = Transform3D(0.982864, 0.173367, 0.0626344, 2.98023e-08, 0.339789, -0.940502, -0.184334, 0.924385, 0.333966, -0.00139004, 0.0358233, -0.0114534)
bone_name = "hand.R"
joint_constraints/bias = 0.3
joint_constraints/damping = 1.0
joint_constraints/impulse_clamp = 0.0
script = ExtResource("3_onypb")

[node name="CollisionShape3D" type="CollisionShape3D" parent="rig_base/Skeleton3D/PhysicalBoneSimulator3D/Physical Bone hand_R" index="0"]
transform = Transform3D(1.1, 0, 0, 0, -4.80825e-08, 1.1, 0, -1.1, -4.80825e-08, 0, 0, 0)
shape = SubResource("CapsuleShape3D_p5i6u")
debug_color = Color(0.878299, 0.000386779, 0.827781, 0.42)

[node name="Area3D" type="Area3D" parent="rig_base/Skeleton3D/PhysicalBoneSimulator3D/Physical Bone hand_R" index="1"]
collision_layer = 2
collision_mask = 2

[node name="CollisionShape3D" type="CollisionShape3D" parent="rig_base/Skeleton3D/PhysicalBoneSimulator3D/Physical Bone hand_R/Area3D" index="0"]
transform = Transform3D(1.1, 0, 0, 0, -4.80825e-08, 1.1, 0, -1.1, -4.80825e-08, 0, 0, 0)
shape = SubResource("CapsuleShape3D_p5i6u")
debug_color = Color(0.878299, 0.000386779, 0.827781, 0.42)

[node name="Physical Bone pinky_1_R" type="PhysicalBone3D" parent="rig_base/Skeleton3D/PhysicalBoneSimulator3D" index="25"]
transform = Transform3D(-0.688035, 0.599877, -0.408356, 0.707991, 0.431419, -0.55913, -0.159236, -0.673814, -0.721539, -0.209732, 0.0522511, -1.00476)
collision_layer = 2
collision_mask = 2
joint_type = 1
joint_offset = Transform3D(1, 0, 0, 0, 1, 0, 0, 0, 1, -0.000111848, 4.51525e-06, 0.020011)
body_offset = Transform3D(1, 1.75834e-06, 1.49012e-06, 1.84774e-06, -5.24521e-06, -1, -1.40071e-06, 1, -5.23031e-06, 0.000111818, 0.020011, -4.41074e-06)
bone_name = "pinky_1.R"
joint_constraints/bias = 0.3
joint_constraints/damping = 1.0
joint_constraints/impulse_clamp = 0.0
script = ExtResource("3_onypb")

[node name="CollisionShape3D" type="CollisionShape3D" parent="rig_base/Skeleton3D/PhysicalBoneSimulator3D/Physical Bone pinky_1_R" index="0"]
transform = Transform3D(1.1, 0, 0, 0, -4.80825e-08, 1.1, 0, -1.1, -4.80825e-08, 0, 0, 0)
shape = SubResource("CapsuleShape3D_ml63j")
debug_color = Color(0.878299, 0.000386779, 0.827781, 0.42)

[node name="Physical Bone pinky_2_R" type="PhysicalBone3D" parent="rig_base/Skeleton3D/PhysicalBoneSimulator3D" index="26"]
transform = Transform3D(-0.526418, 0.57415, -0.627085, 0.84867, 0.39944, -0.34671, 0.051419, -0.714702, -0.697536, -0.193419, 0.0678301, -0.981327)
collision_layer = 2
collision_mask = 2
joint_type = 1
joint_offset = Transform3D(1, 0, 0, 0, 1, 0, 0, 0, 1, 2.14962e-06, 3.54186e-06, 0.0128325)
body_offset = Transform3D(1, -7.15256e-07, -2.6226e-06, -2.5928e-06, 2.47359e-06, -1, 1.01328e-06, 1, 2.68221e-06, -2.11596e-06, 0.0128325, -3.57628e-06)
bone_name = "pinky_2.R"
joint_constraints/bias = 0.3
joint_constraints/damping = 1.0
joint_constraints/impulse_clamp = 0.0
script = ExtResource("3_onypb")

[node name="CollisionShape3D" type="CollisionShape3D" parent="rig_base/Skeleton3D/PhysicalBoneSimulator3D/Physical Bone pinky_2_R" index="0"]
transform = Transform3D(1.1, 0, 0, 0, -4.80825e-08, 1.1, 0, -1.1, -4.80825e-08, 0, 0, 0)
shape = SubResource("CapsuleShape3D_igv2v")
debug_color = Color(0.878299, 0.000386779, 0.827781, 0.42)

[node name="Physical Bone ring_1_R" type="PhysicalBone3D" parent="rig_base/Skeleton3D/PhysicalBoneSimulator3D" index="27"]
transform = Transform3D(-0.69905, 0.581489, -0.416172, 0.699947, 0.437363, -0.564614, -0.146299, -0.685992, -0.71275, -0.197559, 0.0623112, -1.01398)
collision_layer = 2
collision_mask = 2
joint_type = 1
joint_offset = Transform3D(1, 0, 0, 0, 1, 0, 0, 0, 1, 0.000163141, -6.40536e-06, 0.0217803)
body_offset = Transform3D(1, 3.78489e-06, 2.5928e-06, 2.89083e-06, -6.94394e-06, -1, -3.42727e-06, 1, -6.91414e-06, -0.000163198, 0.0217803, 6.55651e-06)
bone_name = "ring_1.R"
joint_constraints/bias = 0.3
joint_constraints/damping = 1.0
joint_constraints/impulse_clamp = 0.0
script = ExtResource("3_onypb")

[node name="CollisionShape3D" type="CollisionShape3D" parent="rig_base/Skeleton3D/PhysicalBoneSimulator3D/Physical Bone ring_1_R" index="0"]
transform = Transform3D(1.1, 0, 0, 0, -4.80825e-08, 1.1, 0, -1.1, -4.80825e-08, 0, 0, 0)
shape = SubResource("CapsuleShape3D_31pt3")
debug_color = Color(0.878299, 0.000386779, 0.827781, 0.42)

[node name="Physical Bone ring_2_R" type="PhysicalBone3D" parent="rig_base/Skeleton3D/PhysicalBoneSimulator3D" index="28"]
transform = Transform3D(-0.575203, 0.581273, -0.575555, 0.817307, 0.437564, -0.374895, 0.033926, -0.686046, -0.726767, -0.179686, 0.0803779, -0.9873)
collision_layer = 2
collision_mask = 2
joint_type = 1
joint_offset = Transform3D(1, 0, 0, 0, 1, 0, 0, 0, 1, 6.89942e-05, 5.55648e-06, 0.0156284)
body_offset = Transform3D(1, 2.17557e-06, 7.51019e-06, 7.6592e-06, -2.38419e-05, -1, -1.84774e-06, 1, -2.37226e-05, -6.91116e-05, 0.0156284, -5.1856e-06)
bone_name = "ring_2.R"
joint_constraints/bias = 0.3
joint_constraints/damping = 1.0
joint_constraints/impulse_clamp = 0.0
script = ExtResource("3_onypb")

[node name="CollisionShape3D" type="CollisionShape3D" parent="rig_base/Skeleton3D/PhysicalBoneSimulator3D/Physical Bone ring_2_R" index="0"]
transform = Transform3D(1.1, 0, 0, 0, -4.80825e-08, 1.1, 0, -1.1, -4.80825e-08, 0, 0, 0)
shape = SubResource("CapsuleShape3D_hsigb")
debug_color = Color(0.878299, 0.000386779, 0.827781, 0.42)

[node name="Physical Bone mid_1_R" type="PhysicalBone3D" parent="rig_base/Skeleton3D/PhysicalBoneSimulator3D" index="29"]
transform = Transform3D(-0.711217, 0.502529, -0.491564, 0.690909, 0.370706, -0.620662, -0.129675, -0.781052, -0.610854, -0.184698, 0.0737898, -1.02609)
collision_layer = 2
collision_mask = 2
joint_type = 1
joint_offset = Transform3D(1, 0, 0, 0, 1, 0, 0, 0, 1, -0.000460175, -1.17807e-05, 0.0217959)
body_offset = Transform3D(1, 5.36442e-07, -1.49012e-06, -1.04308e-06, -1.02818e-06, -1, -1.78814e-07, 1, -9.68575e-07, 0.000460207, 0.0217959, 1.18017e-05)
bone_name = "mid_1.R"
joint_constraints/bias = 0.3
joint_constraints/damping = 1.0
joint_constraints/impulse_clamp = 0.0
script = ExtResource("3_onypb")

[node name="CollisionShape3D" type="CollisionShape3D" parent="rig_base/Skeleton3D/PhysicalBoneSimulator3D/Physical Bone mid_1_R" index="0"]
transform = Transform3D(1.1, 0, 0, 0, -4.80825e-08, 1.1, 0, -1.1, -4.80825e-08, 0, 0, 0)
shape = SubResource("CapsuleShape3D_btufh")
debug_color = Color(0.878299, 0.000386779, 0.827781, 0.42)

[node name="Physical Bone mid_2_R" type="PhysicalBone3D" parent="rig_base/Skeleton3D/PhysicalBoneSimulator3D" index="30"]
transform = Transform3D(-0.588703, 0.569293, -0.573876, 0.807489, 0.446902, -0.385019, 0.0372779, -0.690061, -0.722791, -0.16449, 0.0930799, -1.00118)
collision_layer = 2
collision_mask = 2
joint_type = 1
joint_offset = Transform3D(1, 0, 0, 0, 1, 0, 0, 0, 1, 2.16932e-05, -8.69929e-06, 0.0160821)
body_offset = Transform3D(0.999984, -0.00538647, -0.00157973, -0.00157019, 0.00173165, -0.999997, 0.00538954, 0.999984, 0.00172336, 3.66569e-06, 0.0160821, -1.91331e-05)
bone_name = "mid_2.R"
joint_constraints/bias = 0.3
joint_constraints/damping = 1.0
joint_constraints/impulse_clamp = 0.0
script = ExtResource("3_onypb")

[node name="CollisionShape3D" type="CollisionShape3D" parent="rig_base/Skeleton3D/PhysicalBoneSimulator3D/Physical Bone mid_2_R" index="0"]
transform = Transform3D(1.1, 0, 0, 0, -4.80825e-08, 1.1, 0, -1.1, -4.80825e-08, 0, 0, 0)
shape = SubResource("CapsuleShape3D_kaqhu")
debug_color = Color(0.878299, 0.000386779, 0.827781, 0.42)

[node name="Physical Bone point_1_R" type="PhysicalBone3D" parent="rig_base/Skeleton3D/PhysicalBoneSimulator3D" index="31"]
transform = Transform3D(-0.720786, 0.487945, -0.492318, 0.683621, 0.383, -0.621268, -0.114587, -0.78436, -0.60963, -0.174278, 0.0798416, -1.04569)
collision_layer = 2
collision_mask = 2
joint_type = 1
joint_offset = Transform3D(1, 0, 0, 0, 1, 0, 0, 0, 1, -0.000115007, 0.00243631, 0.0183575)
