[gd_scene load_steps=43 format=3 uid="uid://dp184cddhtubo"]

[ext_resource type="PackedScene" uid="uid://dm35mdk4nuxai" path="res://blender_models/Base_Rig.003.glb" id="1_rt0wx"]
[ext_resource type="Script" uid="uid://bqxrflxmu3o5q" path="res://scripts/character_rig.gd" id="2_lwj41"]
[ext_resource type="Script" uid="uid://dm2ch3xio0bmc" path="res://scripts/physical_bone.gd" id="3_onypb"]

[sub_resource type="CapsuleShape3D" id="CapsuleShape3D_ujp2s"]
radius = 0.00796569
height = 0.0796569

[sub_resource type="CapsuleShape3D" id="CapsuleShape3D_o7jsn"]
radius = 0.0198789
height = 0.198789

[sub_resource type="CapsuleShape3D" id="CapsuleShape3D_jdbjt"]
radius = 0.0382146
height = 0.382146

[sub_resource type="CapsuleShape3D" id="CapsuleShape3D_s772f"]
radius = 0.0382146
height = 0.382146

[sub_resource type="CapsuleShape3D" id="CapsuleShape3D_jvxvb"]
radius = 0.0163578
height = 0.163578

[sub_resource type="CapsuleShape3D" id="CapsuleShape3D_l1btd"]
radius = 0.0223278
height = 0.223278

[sub_resource type="CapsuleShape3D" id="CapsuleShape3D_xwcbp"]
radius = 0.0174611
height = 0.174611

[sub_resource type="CapsuleShape3D" id="CapsuleShape3D_mqmr4"]
radius = 0.0280077
height = 0.280077

[sub_resource type="CapsuleShape3D" id="CapsuleShape3D_prjdr"]
radius = 0.0227913
height = 0.227913

[sub_resource type="CapsuleShape3D" id="CapsuleShape3D_m6cy8"]
radius = 0.0073355
height = 0.073355

[sub_resource type="CapsuleShape3D" id="CapsuleShape3D_ha6xk"]
radius = 0.00400606
height = 0.0400606

[sub_resource type="CapsuleShape3D" id="CapsuleShape3D_finta"]
radius = 0.00256671
height = 0.0256671

[sub_resource type="CapsuleShape3D" id="CapsuleShape3D_656fu"]
radius = 0.00433085
height = 0.0433085

[sub_resource type="CapsuleShape3D" id="CapsuleShape3D_exlho"]
radius = 0.00312081
height = 0.0312081

[sub_resource type="CapsuleShape3D" id="CapsuleShape3D_c463g"]
radius = 0.00434408
height = 0.0434408

[sub_resource type="CapsuleShape3D" id="CapsuleShape3D_nq235"]
radius = 0.00321798
height = 0.0321798

[sub_resource type="CapsuleShape3D" id="CapsuleShape3D_2mjnp"]
radius = 0.00429446
height = 0.0429446

[sub_resource type="CapsuleShape3D" id="CapsuleShape3D_uyers"]
radius = 0.00316179
height = 0.0316179

[sub_resource type="CapsuleShape3D" id="CapsuleShape3D_ol8cg"]
radius = 0.00347345
height = 0.0347345

[sub_resource type="CapsuleShape3D" id="CapsuleShape3D_52h0e"]
radius = 0.003218
height = 0.03218

[sub_resource type="CapsuleShape3D" id="CapsuleShape3D_qh7a0"]
radius = 0.00838103
height = 0.0838103

[sub_resource type="CapsuleShape3D" id="CapsuleShape3D_4smbv"]
radius = 0.0174611
height = 0.174611

[sub_resource type="CapsuleShape3D" id="CapsuleShape3D_d3usw"]
radius = 0.0280077
height = 0.280077

[sub_resource type="CapsuleShape3D" id="CapsuleShape3D_y0hts"]
radius = 0.0227913
height = 0.227913

[sub_resource type="CapsuleShape3D" id="CapsuleShape3D_p5i6u"]
radius = 0.05
height = 0.1

[sub_resource type="CapsuleShape3D" id="CapsuleShape3D_ml63j"]
radius = 0.00400606
height = 0.0400606

[sub_resource type="CapsuleShape3D" id="CapsuleShape3D_igv2v"]
radius = 0.00256671
height = 0.0256671

[sub_resource type="CapsuleShape3D" id="CapsuleShape3D_31pt3"]
radius = 0.00433085
height = 0.0433085

[sub_resource type="CapsuleShape3D" id="CapsuleShape3D_hsigb"]
radius = 0.00312081
height = 0.0312081

[sub_resource type="CapsuleShape3D" id="CapsuleShape3D_btufh"]
radius = 0.00434408
height = 0.0434408

[sub_resource type="CapsuleShape3D" id="CapsuleShape3D_kaqhu"]
radius = 0.00321798
height = 0.0321798

[sub_resource type="CapsuleShape3D" id="CapsuleShape3D_42xq1"]
radius = 0.00429446
height = 0.0429446

[sub_resource type="CapsuleShape3D" id="CapsuleShape3D_syfqy"]
radius = 0.00316179
height = 0.0316179

[sub_resource type="CapsuleShape3D" id="CapsuleShape3D_3nwp8"]
radius = 0.00347345
height = 0.0347345

[sub_resource type="CapsuleShape3D" id="CapsuleShape3D_bcs6v"]
radius = 0.003218
height = 0.03218

[sub_resource type="CapsuleShape3D" id="CapsuleShape3D_glryy"]
radius = 0.0110093
height = 0.110093

[sub_resource type="CapsuleShape3D" id="CapsuleShape3D_kdqqd"]
radius = 0.0924058
height = 0.924057

[sub_resource type="CapsuleShape3D" id="CapsuleShape3D_aqt4p"]
radius = 0.00072917
height = 0.0072917

[sub_resource type="CapsuleShape3D" id="CapsuleShape3D_pm70o"]
radius = 0.0110974
height = 0.110974

[node name="Base_Rig_003" instance=ExtResource("1_rt0wx")]
script = ExtResource("2_lwj41")

[node name="Skeleton3D" parent="rig_base" index="0"]
bones/3/rotation = Quaternion(0.0467835, 0.991147, -0.123093, 0.0169627)
bones/4/rotation = Quaternion(-0.0168359, 0.00058258, -0.00242691, 0.999855)
bones/5/rotation = Quaternion(-0.0525074, 0.960904, -0.271656, -0.0104049)
bones/6/rotation = Quaternion(-0.0797448, -0.000580769, 0.0114953, 0.996749)
bones/7/rotation = Quaternion(0.689521, 0, 0, 0.724266)
bones/9/rotation = Quaternion(-0.37853, -0.0699047, -0.48643, 0.784356)
bones/10/rotation = Quaternion(0.0551318, 0.522899, -0.525178, 0.669122)
bones/11/rotation = Quaternion(0.58382, 0.254485, -0.308934, 0.706364)
bones/28/rotation = Quaternion(0.578387, 0.00813989, -0.62881, 0.519616)
bones/31/rotation = Quaternion(0.231148, 0, 0, 0.972919)
bones/32/rotation = Quaternion(-0.385445, 0.0426578, 0.527101, 0.75616)
bones/33/rotation = Quaternion(0.0498566, -0.575361, 0.459887, 0.674521)
bones/34/rotation = Quaternion(0.607561, -0.193057, 0.300747, 0.70933)
bones/51/rotation = Quaternion(0.649991, -0.011393, 0.567533, 0.50526)
bones/53/position = Vector3(0.173005, -0.134074, -0.10273)
bones/53/rotation = Quaternion(0.27751, 0, 0, 0.960723)
bones/54/rotation = Quaternion(-0.203431, 0.0938934, 0.051807, 0.973199)
bones/56/position = Vector3(0.173005, -0.134074, -0.102729)
bones/58/position = Vector3(-0.173005, 0.0691826, -0.102729)
bones/59/position = Vector3(-1.49012e-08, -1.90921e-07, 2.1645e-07)
bones/59/rotation = Quaternion(0.961676, 0, 0, -0.27419)
bones/60/rotation = Quaternion(-0.198845, -0.0946101, -0.0526296, 0.974033)
bones/62/rotation = Quaternion(0.0570964, 1.75889e-15, 0.998369, -9.40992e-09)

[node name="PhysicalBoneSimulator3D" type="PhysicalBoneSimulator3D" parent="rig_base/Skeleton3D" index="1"]

[node name="Physical Bone torso_crtl" type="PhysicalBone3D" parent="rig_base/Skeleton3D/PhysicalBoneSimulator3D" index="0"]
transform = Transform3D(-1, 0, 0, 0, 6.85401e-08, -1, 0, -1, -6.85401e-08, 0, 0.0324874, -1.11785)
collision_layer = 2
collision_mask = 2
joint_offset = Transform3D(1, 0, 0, 0, 1, 0, 0, 0, 1, 0, -2.72984e-09, 0.0398284)
body_offset = Transform3D(-1, 0, 0, 0, -6.85401e-08, 1, 0, 1, 6.85401e-08, 0, -0.0398284, 0)
bone_name = "torso_crtl"
script = ExtResource("3_onypb")

[node name="CollisionShape3D" type="CollisionShape3D" parent="rig_base/Skeleton3D/PhysicalBoneSimulator3D/Physical Bone torso_crtl" index="0"]
transform = Transform3D(1.1, 0, 0, 0, -4.80825e-08, 1.1, 0, -1.1, -4.80825e-08, 0, 0, 0)
shape = SubResource("CapsuleShape3D_ujp2s")
debug_color = Color(0.878299, 0.000386779, 0.827781, 0.42)

[node name="Physical Bone hips" type="PhysicalBone3D" parent="rig_base/Skeleton3D/PhysicalBoneSimulator3D" index="1"]
transform = Transform3D(-0.358011, -0.814208, -0.457048, -0.874799, 0.121362, 0.46904, -0.326428, 0.567746, -0.755718, 0.0454339, 0.0256361, -1.04265)
collision_layer = 2
collision_mask = 2
joint_type = 1
joint_offset = Transform3D(1, 0, 0, 0, 1, 0, 0, 0, 1, -2.31005e-05, -3.50391e-05, 0.0994879)
body_offset = Transform3D(-0.358011, -0.814208, -0.457048, -1.84476e-05, 0.489499, -0.872004, 0.933717, -0.312179, -0.175261, 0.0454339, 0.086771, 0.017447)
bone_name = "hips"
joint_constraints/bias = 0.3
joint_constraints/damping = 1.0
joint_constraints/impulse_clamp = 0.0
script = ExtResource("3_onypb")

[node name="CollisionShape3D" type="CollisionShape3D" parent="rig_base/Skeleton3D/PhysicalBoneSimulator3D/Physical Bone hips" index="0"]
transform = Transform3D(1.1, 0, 0, 0, -4.80825e-08, 1.1, 0, -1.1, -4.80825e-08, 0, 0, 0)
shape = SubResource("CapsuleShape3D_o7jsn")
debug_color = Color(0.878299, 0.000386779, 0.827781, 0.42)

[node name="Physical Bone thigh_L" type="PhysicalBone3D" parent="rig_base/Skeleton3D/PhysicalBoneSimulator3D" index="2"]
transform = Transform3D(-0.995047, 0.0221082, -0.0969125, 0.0113356, 0.99383, 0.11033, 0.0987538, 0.108686, -0.989159, 0.109399, -0.0420236, -0.778601)
collision_layer = 2
collision_mask = 2
joint_type = 1
joint_offset = Transform3D(1, 0, 0, 0, 1, 0, 0, 0, 1, 2.35871e-05, 1.9712e-05, 0.191093)
body_offset = Transform3D(1, -9.62056e-07, -2.17592e-06, -2.15776e-06, -3.30806e-06, -1, 9.55537e-07, 1, -3.26335e-06, -2.31713e-05, 0.191093, -1.90884e-05)
bone_name = "thigh.L"
joint_constraints/bias = 0.3
joint_constraints/damping = 1.0
joint_constraints/impulse_clamp = 0.0
script = ExtResource("3_onypb")

[node name="CollisionShape3D" type="CollisionShape3D" parent="rig_base/Skeleton3D/PhysicalBoneSimulator3D/Physical Bone thigh_L" index="0"]
transform = Transform3D(1.1, 0, 0, 0, -4.80825e-08, 1.1, 0, -1.1, -4.80825e-08, 0, 0, 0)
shape = SubResource("CapsuleShape3D_jdbjt")
debug_color = Color(0.878299, 0.000386779, 0.827781, 0.42)

[node name="Physical Bone thigh_R" type="PhysicalBone3D" parent="rig_base/Skeleton3D/PhysicalBoneSimulator3D" index="3"]
transform = Transform3D(-0.994271, 0.00854204, 0.106543, -0.012144, 0.981319, -0.192006, -0.106193, -0.1922, -0.975593, -0.11121, 0.0157769, -0.781208)
collision_layer = 2
collision_mask = 2
joint_type = 1
joint_offset = Transform3D(1, 0, 0, 0, 1, 0, 0, 0, 1, 3.65075e-06, -9.94152e-06, 0.191075)
body_offset = Transform3D(1, -1.52644e-05, 1.97298e-05, 1.96805e-05, 4.53591e-05, -1, 1.52793e-05, 1, 4.54783e-05, -7.42078e-06, 0.191075, 1.2517e-06)
bone_name = "thigh.R"
joint_constraints/bias = 0.3
joint_constraints/damping = 1.0
joint_constraints/impulse_clamp = 0.0
script = ExtResource("3_onypb")

[node name="CollisionShape3D" type="CollisionShape3D" parent="rig_base/Skeleton3D/PhysicalBoneSimulator3D/Physical Bone thigh_R" index="0"]
transform = Transform3D(1.1, 0, 0, 0, -4.80825e-08, 1.1, 0, -1.1, -4.80825e-08, 0, 0, 0)
shape = SubResource("CapsuleShape3D_s772f")
debug_color = Color(0.878299, 0.000386779, 0.827781, 0.42)

[node name="Physical Bone torso_1" type="PhysicalBone3D" parent="rig_base/Skeleton3D/PhysicalBoneSimulator3D" index="4"]
transform = Transform3D(1, 1.67787e-05, -2.18485e-06, -1.66511e-05, 0.998793, 0.0491236, 3.00645e-06, -0.0491236, 0.998793, 6.96629e-07, 0.068306, -1.19943)
collision_layer = 2
collision_mask = 2
joint_type = 1
joint_offset = Transform3D(1, 0, 0, 0, 1, 0, 0, 0, 1, -5.18137e-07, -2.45056e-06, 0.0816763)
body_offset = Transform3D(1, 1.67787e-05, -2.18485e-06, -2.18488e-06, 1.54227e-06, -1, -1.67787e-05, 1, 1.54227e-06, 6.96629e-07, 0.0816764, 2.32458e-06)
bone_name = "torso_1"
joint_constraints/bias = 0.3
joint_constraints/damping = 1.0
joint_constraints/impulse_clamp = 0.0
script = ExtResource("3_onypb")

[node name="CollisionShape3D" type="CollisionShape3D" parent="rig_base/Skeleton3D/PhysicalBoneSimulator3D/Physical Bone torso_1" index="0"]
transform = Transform3D(1.1, 0, 0, 0, -4.80825e-08, 1.1, 0, -1.1, -4.80825e-08, 0, 0, 0)
shape = SubResource("CapsuleShape3D_jvxvb")
debug_color = Color(0.878299, 0.000386779, 0.827781, 0.42)

[node name="Physical Bone torso_2" type="PhysicalBone3D" parent="rig_base/Skeleton3D/PhysicalBoneSimulator3D" index="5"]
transform = Transform3D(-0.551785, -0.814299, -0.18014, 0.826961, -0.562199, 0.00828995, -0.108025, -0.144395, 0.983606, 0.0200894, 0.0633852, -1.39107)
collision_layer = 2
collision_mask = 2
joint_type = 1
joint_offset = Transform3D(1, 0, 0, 0, 1, 0, 0, 0, 1, -4.01717e-05, -5.07059e-06, 0.111667)
body_offset = Transform3D(-0.551785, -0.814299, -0.18014, 6.00517e-06, 0.215995, -0.976395, 0.833987, -0.538761, -0.119178, 0.0200894, 0.109032, 0.013339)
bone_name = "torso_2"
joint_constraints/bias = 0.3
joint_constraints/damping = 1.0
joint_constraints/impulse_clamp = 0.0
script = ExtResource("3_onypb")

[node name="CollisionShape3D" type="CollisionShape3D" parent="rig_base/Skeleton3D/PhysicalBoneSimulator3D/Physical Bone torso_2" index="0"]
transform = Transform3D(1.1, 0, 0, 0, -4.80825e-08, 1.1, 0, -1.1, -4.80825e-08, 0, 0, 0)
shape = SubResource("CapsuleShape3D_l1btd")
debug_color = Color(0.878299, 0.000386779, 0.827781, 0.42)

[node name="Physical Bone shoulder_L" type="PhysicalBone3D" parent="rig_base/Skeleton3D/PhysicalBoneSimulator3D" index="6"]
transform = Transform3D(0.512749, 0.456459, -0.727141, 0.555879, 0.468945, 0.686359, 0.654284, -0.756132, -0.0132853, 0.103715, 0.0025278, -1.4997)
collision_layer = 2
collision_mask = 2
joint_type = 1
joint_offset = Transform3D(1, 0, 0, 0, 1, 0, 0, 0, 1, -2.94274e-05, -3.92962e-05, 0.0873374)
body_offset = Transform3D(0.999869, 0.0157135, 0.0039269, 7.689e-06, 0.241984, -0.97028, -0.0161969, 0.970153, 0.241952, -0.000312924, 0.0847512, -0.0210938)
bone_name = "shoulder.L"
joint_constraints/bias = 0.3
joint_constraints/damping = 1.0
joint_constraints/impulse_clamp = 0.0
script = ExtResource("3_onypb")

[node name="CollisionShape3D" type="CollisionShape3D" parent="rig_base/Skeleton3D/PhysicalBoneSimulator3D/Physical Bone shoulder_L" index="0"]
transform = Transform3D(1.1, 0, 0, 0, -4.80825e-08, 1.1, 0, -1.1, -4.80825e-08, 0, 0, 0)
shape = SubResource("CapsuleShape3D_xwcbp")
debug_color = Color(0.878299, 0.000386779, 0.827781, 0.42)

[node name="Physical Bone arm_1_L" type="PhysicalBone3D" parent="rig_base/Skeleton3D/PhysicalBoneSimulator3D" index="7"]
transform = Transform3D(-0.773222, -0.0608652, -0.631208, -0.162999, 0.981015, 0.105076, 0.612829, 0.184133, -0.768463, 0.255357, -0.0721021, -1.39097)
collision_layer = 2
collision_mask = 2
joint_type = 1
joint_offset = Transform3D(1, 0, 0, 0, 1, 0, 0, 0, 1, -0.00010444, -2.06418e-05, 0.139883)
body_offset = Transform3D(1, -1.74344e-06, 0.000102356, 0.000102676, 8.30591e-05, -1, 1.71363e-06, 1, 8.27983e-05, 9.01222e-05, 0.139883, 9.05991e-06)
bone_name = "arm_1.L"
joint_constraints/bias = 0.3
joint_constraints/damping = 1.0
joint_constraints/impulse_clamp = 0.0
script = ExtResource("3_onypb")

[node name="CollisionShape3D" type="CollisionShape3D" parent="rig_base/Skeleton3D/PhysicalBoneSimulator3D/Physical Bone arm_1_L" index="0"]
transform = Transform3D(1.1, 0, 0, 0, -4.80825e-08, 1.1, 0, -1.1, -4.80825e-08, 0, 0, 0)
shape = SubResource("CapsuleShape3D_mqmr4")
debug_color = Color(0.878299, 0.000386779, 0.827781, 0.42)

[node name="Physical Bone arm_2_L" type="PhysicalBone3D" parent="rig_base/Skeleton3D/PhysicalBoneSimulator3D" index="8"]
transform = Transform3D(-0.569606, -0.63035, 0.527454, -0.802666, 0.288533, -0.521992, 0.17685, -0.720699, -0.670311, 0.283808, -0.0273011, -1.20696)
collision_layer = 2
collision_mask = 2
joint_type = 1
joint_offset = Transform3D(1, 0, 0, 0, 1, 0, 0, 0, 1, 4.16453e-05, -4.92728e-05, 0.113928)
body_offset = Transform3D(1, -4.84288e-06, 8.98838e-05, 8.96156e-05, 1.87159e-05, -1, 4.63426e-06, 1, 1.91778e-05, -5.18858e-05, 0.113928, 4.70877e-05)
bone_name = "arm_2.L"
joint_constraints/bias = 0.3
joint_constraints/damping = 1.0
joint_constraints/impulse_clamp = 0.0
script = ExtResource("3_onypb")

[node name="CollisionShape3D" type="CollisionShape3D" parent="rig_base/Skeleton3D/PhysicalBoneSimulator3D/Physical Bone arm_2_L" index="0"]
transform = Transform3D(1.1, 0, 0, 0, -4.80825e-08, 1.1, 0, -1.1, -4.80825e-08, 0, 0, 0)
shape = SubResource("CapsuleShape3D_prjdr")
debug_color = Color(0.878299, 0.000386779, 0.827781, 0.42)

[node name="Physical Bone hand_L" type="PhysicalBone3D" parent="rig_base/Skeleton3D/PhysicalBoneSimulator3D" index="9"]
transform = Transform3D(-0.818154, -0.572674, 0.0516529, -0.493278, 0.652877, -0.574829, 0.295467, -0.495778, -0.816642, 0.22178, 0.0532246, -1.10056)
collision_layer = 2
collision_mask = 2
joint_type = 1
joint_offset = Transform3D(1, 0, 0, 0, 1, 0, 0, 0, 1, -5.21773e-07, -6.86478e-06, 0.0366804)
body_offset = Transform3D(0.982859, -0.173389, -0.0626417, 5.0962e-06, 0.339811, -0.940494, 0.184357, 0.924373, 0.333987, 0.00229704, 0.0345, -0.0122443)
bone_name = "hand.L"
joint_constraints/bias = 0.3
joint_constraints/damping = 1.0
joint_constraints/impulse_clamp = 0.0
script = ExtResource("3_onypb")

[node name="CollisionShape3D" type="CollisionShape3D" parent="rig_base/Skeleton3D/PhysicalBoneSimulator3D/Physical Bone hand_L" index="0"]
transform = Transform3D(1.1, 0, 0, 0, -4.80825e-08, 1.1, 0, -1.1, -4.80825e-08, 0, 0, 0)
shape = SubResource("CapsuleShape3D_m6cy8")
debug_color = Color(0.878299, 0.000386779, 0.827781, 0.42)

[node name="Physical Bone pinky_1_L" type="PhysicalBone3D" parent="rig_base/Skeleton3D/PhysicalBoneSimulator3D" index="10"]
transform = Transform3D(-0.590733, -0.687099, 0.423001, -0.764277, 0.30842, -0.566355, 0.25868, -0.657854, -0.707328, 0.211535, 0.0857571, -1.05642)
collision_layer = 2
collision_mask = 2
joint_type = 1
joint_offset = Transform3D(1, 0, 0, 0, 1, 0, 0, 0, 1, 0.000149014, 5.83512e-05, 0.0200545)
body_offset = Transform3D(1, -2.23517e-06, -6.07967e-06, -6.3777e-06, -1.22041e-05, -1, 2.01166e-06, 1, -1.18166e-05, -0.000148892, 0.0200545, -5.81145e-05)
bone_name = "pinky_1.L"
joint_constraints/bias = 0.3
joint_constraints/damping = 1.0
joint_constraints/impulse_clamp = 0.0
script = ExtResource("3_onypb")

[node name="CollisionShape3D" type="CollisionShape3D" parent="rig_base/Skeleton3D/PhysicalBoneSimulator3D/Physical Bone pinky_1_L" index="0"]
transform = Transform3D(1.1, 0, 0, 0, -4.80825e-08, 1.1, 0, -1.1, -4.80825e-08, 0, 0, 0)
shape = SubResource("CapsuleShape3D_ha6xk")
debug_color = Color(0.878299, 0.000386779, 0.827781, 0.42)

[node name="Physical Bone pinky_2_L" type="PhysicalBone3D" parent="rig_base/Skeleton3D/PhysicalBoneSimulator3D" index="11"]
transform = Transform3D(-0.427796, -0.660521, 0.617011, -0.902627, 0.276318, -0.330021, 0.0474946, -0.698112, -0.714411, 0.195023, 0.10124, -1.0331)
collision_layer = 2
collision_mask = 2
joint_type = 1
joint_offset = Transform3D(1, 0, 0, 0, 1, 0, 0, 0, 1, 1.0003e-05, -4.85164e-06, 0.0128406)
body_offset = Transform3D(1, -2.80142e-06, -4.97699e-06, -5.1856e-06, -1.72853e-05, -1, 2.68221e-06, 1, -1.67266e-05, -9.93907e-06, 0.0128406, 5.06639e-06)
bone_name = "pinky_2.L"
joint_constraints/bias = 0.3
joint_constraints/damping = 1.0
joint_constraints/impulse_clamp = 0.0
script = ExtResource("3_onypb")

[node name="CollisionShape3D" type="CollisionShape3D" parent="rig_base/Skeleton3D/PhysicalBoneSimulator3D/Physical Bone pinky_2_L" index="0"]
transform = Transform3D(1.1, 0, 0, 0, -4.80825e-08, 1.1, 0, -1.1, -4.80825e-08, 0, 0, 0)
shape = SubResource("CapsuleShape3D_finta")
debug_color = Color(0.878299, 0.000386779, 0.827781, 0.42)

[node name="Physical Bone ring_1_L" type="PhysicalBone3D" parent="rig_base/Skeleton3D/PhysicalBoneSimulator3D" index="12"]
transform = Transform3D(-0.603232, -0.670425, 0.432021, -0.758578, 0.314995, -0.570384, 0.246315, -0.671795, -0.698584, 0.196612, 0.0932829, -1.06453)
collision_layer = 2
collision_mask = 2
joint_type = 1
joint_offset = Transform3D(1, 0, 0, 0, 1, 0, 0, 0, 1, -0.00130982, 3.53058e-05, 0.0227228)
body_offset = Transform3D(1, 0.00031285, 9.67383e-05, 9.65595e-05, -0.000231892, -1, -0.000313178, 1, -0.0002314, 0.00130761, 0.0227229, -3.0458e-05)
bone_name = "ring_1.L"
joint_constraints/bias = 0.3
joint_constraints/damping = 1.0
joint_constraints/impulse_clamp = 0.0
script = ExtResource("3_onypb")

[node name="CollisionShape3D" type="CollisionShape3D" parent="rig_base/Skeleton3D/PhysicalBoneSimulator3D/Physical Bone ring_1_L" index="0"]
transform = Transform3D(1.1, 0, 0, 0, -4.80825e-08, 1.1, 0, -1.1, -4.80825e-08, 0, 0, 0)
shape = SubResource("CapsuleShape3D_656fu")
debug_color = Color(0.878299, 0.000386779, 0.827781, 0.42)

[node name="Physical Bone ring_2_L" type="PhysicalBone3D" parent="rig_base/Skeleton3D/PhysicalBoneSimulator3D" index="13"]
transform = Transform3D(-0.478646, -0.670165, 0.567254, -0.87551, 0.315597, -0.365898, 0.0661889, -0.671772, -0.737795, 0.179606, 0.11168, -1.03896)
collision_layer = 2
collision_mask = 2
joint_type = 1
joint_offset = Transform3D(1, 0, 0, 0, 1, 0, 0, 0, 1, -6.24331e-05, 5.36981e-06, 0.0156133)
body_offset = Transform3D(1, -1.72853e-06, -3.99351e-06, -4.17233e-06, 1.43051e-05, -1, 1.54972e-06, 1, 1.4931e-05, 6.24955e-05, 0.0156133, -5.60284e-06)
bone_name = "ring_2.L"
joint_constraints/bias = 0.3
joint_constraints/damping = 1.0
joint_constraints/impulse_clamp = 0.0
script = ExtResource("3_onypb")

[node name="CollisionShape3D" type="CollisionShape3D" parent="rig_base/Skeleton3D/PhysicalBoneSimulator3D/Physical Bone ring_2_L" index="0"]
transform = Transform3D(1.1, 0, 0, 0, -4.80825e-08, 1.1, 0, -1.1, -4.80825e-08, 0, 0, 0)
shape = SubResource("CapsuleShape3D_exlho")
debug_color = Color(0.878299, 0.000386779, 0.827781, 0.42)

[node name="Physical Bone mid_1_L" type="PhysicalBone3D" parent="rig_base/Skeleton3D/PhysicalBoneSimulator3D" index="14"]
transform = Transform3D(-0.617527, -0.590302, 0.519811, -0.752481, 0.250982, -0.608918, 0.228982, -0.767171, -0.599179, 0.182896, 0.102719, -1.07743)
collision_layer = 2
collision_mask = 2
joint_type = 1
joint_offset = Transform3D(1, 0, 0, 0, 1, 0, 0, 0, 1, 0.000569943, -1.21005e-05, 0.0218229)
body_offset = Transform3D(1, -0.00049077, -0.000614971, -0.00061518, 0.000271052, -1, 0.000490561, 1, 0.000271276, -0.000556529, 0.0218232, 5.90086e-06)
bone_name = "mid_1.L"
joint_constraints/bias = 0.3
joint_constraints/damping = 1.0
joint_constraints/impulse_clamp = 0.0
script = ExtResource("3_onypb")

[node name="CollisionShape3D" type="CollisionShape3D" parent="rig_base/Skeleton3D/PhysicalBoneSimulator3D/Physical Bone mid_1_L" index="0"]
transform = Transform3D(1.1, 0, 0, 0, -4.80825e-08, 1.1, 0, -1.1, -4.80825e-08, 0, 0, 0)
shape = SubResource("CapsuleShape3D_c463g")
debug_color = Color(0.878299, 0.000386779, 0.827781, 0.42)

[node name="Physical Bone mid_2_L" type="PhysicalBone3D" parent="rig_base/Skeleton3D/PhysicalBoneSimulator3D" index="15"]
transform = Transform3D(-0.496007, -0.655948, 0.568954, -0.86636, 0.32987, -0.374974, 0.0582823, -0.678909, -0.731906, 0.162179, 0.121504, -1.05258)
collision_layer = 2
collision_mask = 2
joint_type = 1
joint_offset = Transform3D(1, 0, 0, 0, 1, 0, 0, 0, 1, 2.11903e-06, 2.4268e-06, 0.0160774)
body_offset = Transform3D(1, -1.43349e-05, -3.44813e-05, -3.46601e-05, 1.53333e-05, -1, 1.41263e-05, 1, 1.58846e-05, -1.56462e-06, 0.0160774, -2.68221e-06)
bone_name = "mid_2.L"
joint_constraints/bias = 0.3
joint_constraints/damping = 1.0
joint_constraints/impulse_clamp = 0.0
script = ExtResource("3_onypb")

[node name="CollisionShape3D" type="CollisionShape3D" parent="rig_base/Skeleton3D/PhysicalBoneSimulator3D/Physical Bone mid_2_L" index="0"]
transform = Transform3D(1.1, 0, 0, 0, -4.80825e-08, 1.1, 0, -1.1, -4.80825e-08, 0, 0, 0)
shape = SubResource("CapsuleShape3D_nq235")
debug_color = Color(0.878299, 0.000386779, 0.827781, 0.42)

[node name="Physical Bone point_1_L" type="PhysicalBone3D" parent="rig_base/Skeleton3D/PhysicalBoneSimulator3D" index="16"]
transform = Transform3D(-0.628829, -0.577593, 0.520538, -0.747287, 0.264008, -0.609805, 0.214793, -0.772455, -0.597644, 0.167503, 0.108429, -1.0966)
collision_layer = 2
collision_mask = 2
joint_type = 1
joint_offset = Transform3D(1, 0, 0, 0, 1, 0, 0, 0, 1, 4.71416e-05, 5.71869e-06, 0.0214784)
body_offset = Transform3D(1, -5.82486e-05, -9.26852e-05, -9.29832e-05, -1.15037e-05, -1, 5.81145e-05, 1, -1.10716e-05, -4.51505e-05, 0.0214784, -5.48363e-06)
bone_name = "point_1.L"
joint_constraints/bias = 0.3
joint_constraints/damping = 1.0
joint_constraints/impulse_clamp = 0.0
script = ExtResource("3_onypb")

[node name="CollisionShape3D" type="CollisionShape3D" parent="rig_base/Skeleton3D/PhysicalBoneSimulator3D/Physical Bone point_1_L" index="0"]
transform = Transform3D(1.1, 0, 0, 0, -4.80825e-08, 1.1, 0, -1.1, -4.80825e-08, 0, 0, 0)
shape = SubResource("CapsuleShape3D_2mjnp")
debug_color = Color(0.878299, 0.000386779, 0.827781, 0.42)

[node name="Physical Bone point_2_L" type="PhysicalBone3D" parent="rig_base/Skeleton3D/PhysicalBoneSimulator3D" index="17"]
transform = Transform3D(-0.487673, -0.596598, 0.637374, -0.871161, 0.284844, -0.399929, 0.0570446, -0.75029, -0.658644, 0.146258, 0.127819, -1.07336)
collision_layer = 2
collision_mask = 2
joint_type = 1
joint_offset = Transform3D(1, 0, 0, 0, 1, 0, 0, 0, 1, 2.56465e-05, 1.50225e-05, 0.0157867)
body_offset = Transform3D(0.999999, 9.55164e-06, -0.00133574, -0.00133595, 1.06543e-05, -0.999999, -9.62615e-06, 1, 1.12057e-05, -4.55976e-06, 0.0157867, -1.51992e-05)
bone_name = "point_2.L"
joint_constraints/bias = 0.3
joint_constraints/damping = 1.0
joint_constraints/impulse_clamp = 0.0
script = ExtResource("3_onypb")

[node name="CollisionShape3D" type="CollisionShape3D" parent="rig_base/Skeleton3D/PhysicalBoneSimulator3D/Physical Bone point_2_L" index="0"]
transform = Transform3D(1.1, 0, 0, 0, -4.80825e-08, 1.1, 0, -1.1, -4.80825e-08, 0, 0, 0)
shape = SubResource("CapsuleShape3D_uyers")
debug_color = Color(0.878299, 0.000386779, 0.827781, 0.42)

[node name="Physical Bone thumb_1_L" type="PhysicalBone3D" parent="rig_base/Skeleton3D/PhysicalBoneSimulator3D" index="18"]
transform = Transform3D(-0.389987, -0.0636426, 0.918619, -0.910131, -0.124928, -0.395038, 0.139903, -0.990122, -0.00920274, 0.180849, 0.0727123, -1.13458)
collision_layer = 2
collision_mask = 2
joint_type = 1
joint_offset = Transform3D(1, 0, 0, 0, 1, 0, 0, 0, 1, 8.27876e-06, 5.12184e-07, 0.0173563)
body_offset = Transform3D(1, -2.41399e-06, -1.68085e-05, -1.68979e-05, -2.11224e-06, -1, 2.42144e-06, 1, -2.03773e-06, -7.98702e-06, 0.0173563, -4.76837e-07)
bone_name = "thumb_1.L"
joint_constraints/bias = 0.3
joint_constraints/damping = 1.0
joint_constraints/impulse_clamp = 0.0
script = ExtResource("3_onypb")

[node name="CollisionShape3D" type="CollisionShape3D" parent="rig_base/Skeleton3D/PhysicalBoneSimulator3D/Physical Bone thumb_1_L" index="0"]
transform = Transform3D(1.1, 0, 0, 0, -4.80825e-08, 1.1, 0, -1.1, -4.80825e-08, 0, 0, 0)
shape = SubResource("CapsuleShape3D_ol8cg")
debug_color = Color(0.878299, 0.000386779, 0.827781, 0.42)

[node name="Physical Bone thumb_2_L" type="PhysicalBone3D" parent="rig_base/Skeleton3D/PhysicalBoneSimulator3D" index="19"]
transform = Transform3D(-0.547292, -0.270964, 0.791865, -0.829971, 0.0538505, -0.555202, 0.107798, -0.961082, -0.254365, 0.152161, 0.0885128, -1.13033)
collision_layer = 2
collision_mask = 2
joint_type = 1
joint_offset = Transform3D(1, 0, 0, 0, 1, 0, 0, 0, 1, 1.91872e-05, 8.15132e-07, 0.0160784)
body_offset = Transform3D(1, -3.26708e-06, -1.44839e-05, -1.48118e-05, 8.34092e-06, -1, 3.14787e-06, 1, 8.61287e-06, -1.89543e-05, 0.0160784, -9.53674e-07)
bone_name = "thumb_2.L"
joint_constraints/bias = 0.3
joint_constraints/damping = 1.0
joint_constraints/impulse_clamp = 0.0
script = ExtResource("3_onypb")

[node name="CollisionShape3D" type="CollisionShape3D" parent="rig_base/Skeleton3D/PhysicalBoneSimulator3D/Physical Bone thumb_2_L" index="0"]
transform = Transform3D(1.1, 0, 0, 0, -4.80825e-08, 1.1, 0, -1.1, -4.80825e-08, 0, 0, 0)
shape = SubResource("CapsuleShape3D_52h0e")
debug_color = Color(0.878299, 0.000386779, 0.827781, 0.42)

[node name="Physical Bone neck" type="PhysicalBone3D" parent="rig_base/Skeleton3D/PhysicalBoneSimulator3D" index="20"]
transform = Transform3D(1, 3.65414e-05, -7.94513e-05, 2.28195e-06, 0.897305, 0.441411, 8.74218e-05, -0.441411, 0.897305, -8.00937e-07, 0.0163409, -1.54437)
collision_layer = 2
collision_mask = 2
joint_type = 1
joint_offset = Transform3D(1, 0, 0, 0, 1, 0, 0, 0, 1, 4.12944e-06, -1.35602e-05, 0.0418874)
body_offset = Transform3D(1, 3.65414e-05, -7.94513e-05, -7.9453e-05, 4.63128e-05, -1, -3.65377e-05, 1, 4.62532e-05, -8.00937e-07, 0.0418874, 1.16229e-05)
bone_name = "neck"
joint_constraints/bias = 0.3
joint_constraints/damping = 1.0
joint_constraints/impulse_clamp = 0.0
script = ExtResource("3_onypb")

[node name="CollisionShape3D" type="CollisionShape3D" parent="rig_base/Skeleton3D/PhysicalBoneSimulator3D/Physical Bone neck" index="0"]
transform = Transform3D(1.1, 0, 0, 0, -4.80825e-08, 1.1, 0, -1.1, -4.80825e-08, 0, 0, 0)
shape = SubResource("CapsuleShape3D_qh7a0")
debug_color = Color(0.878299, 0.000386779, 0.827781, 0.42)

[node name="Physical Bone shoulder_R" type="PhysicalBone3D" parent="rig_base/Skeleton3D/PhysicalBoneSimulator3D" index="21"]
transform = Transform3D(0.435085, -0.539413, 0.720926, -0.555858, 0.46897, 0.686359, -0.708324, -0.699357, -0.0957954, -0.103135, 0.00252796, -1.49251)
collision_layer = 2
collision_mask = 2
joint_type = 1
joint_offset = Transform3D(1, 0, 0, 0, 1, 0, 0, 0, 1, 2.17353e-06, -2.96831e-05, 0.0873085)
body_offset = Transform3D(0.999868, -0.0157519, -0.00393182, -3.30806e-06, 0.241979, -0.970281, 0.0162352, 0.970154, 0.241947, 0.000340641, 0.084721, -0.0210953)
bone_name = "shoulder.R"
joint_constraints/bias = 0.3
joint_constraints/damping = 1.0
joint_constraints/impulse_clamp = 0.0
script = ExtResource("3_onypb")

[node name="CollisionShape3D" type="CollisionShape3D" parent="rig_base/Skeleton3D/PhysicalBoneSimulator3D/Physical Bone shoulder_R" index="0"]
transform = Transform3D(1.1, 0, 0, 0, -4.80825e-08, 1.1, 0, -1.1, -4.80825e-08, 0, 0, 0)
shape = SubResource("CapsuleShape3D_4smbv")
debug_color = Color(0.878299, 0.000386779, 0.827781, 0.42)

[node name="Physical Bone arm_1_R" type="PhysicalBone3D" parent="rig_base/Skeleton3D/PhysicalBoneSimulator3D" index="22"]
transform = Transform3D(-0.785768, 0.0593889, 0.615664, 0.2402, 0.946556, 0.215258, -0.569976, 0.317025, -0.758038, -0.252244, -0.087555, -1.37795)
collision_layer = 2
collision_mask = 2
joint_type = 1
joint_offset = Transform3D(1, 0, 0, 0, 1, 0, 0, 0, 1, 3.61428e-05, -4.32411e-06, 0.140034)
body_offset = Transform3D(1, -8.85129e-06, -8.44374e-05, -8.46647e-05, 6.32256e-05, -1, 9.05991e-06, 1, 6.32256e-05, -2.43187e-05, 0.140034, -4.52995e-06)
bone_name = "arm_1.R"
joint_constraints/bias = 0.3
joint_constraints/damping = 1.0
joint_constraints/impulse_clamp = 0.0
script = ExtResource("3_onypb")

[node name="CollisionShape3D" type="CollisionShape3D" parent="rig_base/Skeleton3D/PhysicalBoneSimulator3D/Physical Bone arm_1_R" index="0"]
transform = Transform3D(1.1, 0, 0, 0, -4.80825e-08, 1.1, 0, -1.1, -4.80825e-08, 0, 0, 0)
shape = SubResource("CapsuleShape3D_d3usw")
debug_color = Color(0.878299, 0.000386779, 0.827781, 0.42)

[node name="Physical Bone arm_2_R" type="PhysicalBone3D" parent="rig_base/Skeleton3D/PhysicalBoneSimulator3D" index="23"]
transform = Transform3D(-0.665382, 0.541245, -0.514122, 0.742612, 0.409683, -0.5298, -0.0761247, -0.734312, -0.674531, -0.280166, -0.0569892, -1.19482)
collision_layer = 2
collision_mask = 2
joint_type = 1
joint_offset = Transform3D(1, 0, 0, 0, 1, 0, 0, 0, 1, -0.000417172, 0.000102893, 0.114058)
body_offset = Transform3D(1, 7.03335e-06, -7.70986e-05, -7.68006e-05, -2.36928e-06, -1, -6.70552e-06, 1, -2.25008e-06, 0.000425965, 0.114058, -0.000102639)
bone_name = "arm_2.R"
joint_constraints/bias = 0.3
joint_constraints/damping = 1.0
joint_constraints/impulse_clamp = 0.0
script = ExtResource("3_onypb")

[node name="CollisionShape3D" type="CollisionShape3D" parent="rig_base/Skeleton3D/PhysicalBoneSimulator3D/Physical Bone arm_2_R" index="0"]
transform = Transform3D(1.1, 0, 0, 0, -4.80825e-08, 1.1, 0, -1.1, -4.80825e-08, 0, 0, 0)
shape = SubResource("CapsuleShape3D_y0hts")
debug_color = Color(0.878299, 0.000386779, 0.827781, 0.42)

[node name="Physical Bone hand_R" type="PhysicalBone3D" parent="rig_base/Skeleton3D/PhysicalBoneSimulator3D" index="24"]
transform = Transform3D(-0.886441, 0.460428, -0.0471996, 0.416045, 0.747979, -0.517141, -0.202802, -0.478052, -0.854598, -0.219554, 0.023929, -1.08671)
collision_layer = 2
collision_mask = 2
joint_type = 1
joint_offset = Transform3D(1, 0, 0, 0, 1, 0, 0, 0, 1, -0.000793274, -0.00142846, 0.037669)
body_offset = Transform3D(0.982865, 0.173361, 0.0626341, 2.5332e-06, 0.339786, -0.940503, -0.184328, 0.924387, 0.333963, -0.00133204, 0.0359132, -0.0114058)
bone_name = "hand.R"
joint_constraints/bias = 0.3
joint_constraints/damping = 1.0
joint_constraints/impulse_clamp = 0.0
script = ExtResource("3_onypb")

[node name="CollisionShape3D" type="CollisionShape3D" parent="rig_base/Skeleton3D/PhysicalBoneSimulator3D/Physical Bone hand_R" index="0"]
transform = Transform3D(1.1, 0, 0, 0, -4.80825e-08, 1.1, 0, -1.1, -4.80825e-08, 0, 0, 0)
shape = SubResource("CapsuleShape3D_p5i6u")
debug_color = Color(0.878299, 0.000386779, 0.827781, 0.42)

[node name="Area3D" type="Area3D" parent="rig_base/Skeleton3D/PhysicalBoneSimulator3D/Physical Bone hand_R" index="1"]
collision_layer = 2
collision_mask = 2

[node name="CollisionShape3D" type="CollisionShape3D" parent="rig_base/Skeleton3D/PhysicalBoneSimulator3D/Physical Bone hand_R/Area3D" index="0"]
transform = Transform3D(1.1, 0, 0, 0, -4.80825e-08, 1.1, 0, -1.1, -4.80825e-08, 0, 0, 0)
shape = SubResource("CapsuleShape3D_p5i6u")
debug_color = Color(0.878299, 0.000386779, 0.827781, 0.42)

[node name="Physical Bone pinky_1_R" type="PhysicalBone3D" parent="rig_base/Skeleton3D/PhysicalBoneSimulator3D" index="25"]
transform = Transform3D(-0.68805, 0.599869, -0.408344, 0.707976, 0.43143, -0.55914, -0.159239, -0.673814, -0.721538, -0.209758, 0.0522456, -1.04097)
collision_layer = 2
collision_mask = 2
joint_type = 1
joint_offset = Transform3D(1, 0, 0, 0, 1, 0, 0, 0, 1, -0.000128848, 9.05136e-06, 0.0199828)
body_offset = Transform3D(1, 1.54376e-05, -1.42753e-05, -1.39177e-05, -2.72691e-06, -1, -1.508e-05, 1, -2.65241e-06, 0.000129133, 0.0199828, -9.0003e-06)
bone_name = "pinky_1.R"
joint_constraints/bias = 0.3
joint_constraints/damping = 1.0
joint_constraints/impulse_clamp = 0.0
script = ExtResource("3_onypb")

[node name="CollisionShape3D" type="CollisionShape3D" parent="rig_base/Skeleton3D/PhysicalBoneSimulator3D/Physical Bone pinky_1_R" index="0"]
transform = Transform3D(1.1, 0, 0, 0, -4.80825e-08, 1.1, 0, -1.1, -4.80825e-08, 0, 0, 0)
shape = SubResource("CapsuleShape3D_ml63j")
debug_color = Color(0.878299, 0.000386779, 0.827781, 0.42)

[node name="Physical Bone pinky_2_R" type="PhysicalBone3D" parent="rig_base/Skeleton3D/PhysicalBoneSimulator3D" index="26"]
transform = Transform3D(-0.526417, 0.574162, -0.627075, 0.848672, 0.399431, -0.346716, 0.0514024, -0.714698, -0.697542, -0.193402, 0.0678055, -1.01752)
collision_layer = 2
collision_mask = 2
joint_type = 1
joint_offset = Transform3D(1, 0, 0, 0, 1, 0, 0, 0, 1, 3.23196e-05, 1.72893e-07, 0.0128314)
body_offset = Transform3D(1, -1.41263e-05, -1.26958e-05, -1.2666e-05, 9.53674e-06, -1, 1.44243e-05, 1, 9.71556e-06, -3.21567e-05, 0.0128314, -2.98023e-07)
bone_name = "pinky_2.R"
joint_constraints/bias = 0.3
joint_constraints/damping = 1.0
joint_constraints/impulse_clamp = 0.0
script = ExtResource("3_onypb")

[node name="CollisionShape3D" type="CollisionShape3D" parent="rig_base/Skeleton3D/PhysicalBoneSimulator3D/Physical Bone pinky_2_R" index="0"]
transform = Transform3D(1.1, 0, 0, 0, -4.80825e-08, 1.1, 0, -1.1, -4.80825e-08, 0, 0, 0)
shape = SubResource("CapsuleShape3D_igv2v")
debug_color = Color(0.878299, 0.000386779, 0.827781, 0.42)

[node name="Physical Bone ring_1_R" type="PhysicalBone3D" parent="rig_base/Skeleton3D/PhysicalBoneSimulator3D" index="27"]
transform = Transform3D(-0.699046, 0.581493, -0.416173, 0.69995, 0.43736, -0.564611, -0.1463, -0.68599, -0.712752, -0.197412, 0.0623105, -1.05007)
collision_layer = 2
collision_mask = 2
joint_type = 1
joint_offset = Transform3D(1, 0, 0, 0, 1, 0, 0, 0, 1, 0.000281361, -2.02751e-05, 0.0219149)
body_offset = Transform3D(1, -7.7486e-07, 5.57303e-06, 5.84126e-06, -4.99189e-06, -1, 1.10269e-06, 1, -5.02169e-06, -0.000281483, 0.0219149, 2.03848e-05)
bone_name = "ring_1.R"
joint_constraints/bias = 0.3
joint_constraints/damping = 1.0
joint_constraints/impulse_clamp = 0.0
script = ExtResource("3_onypb")

[node name="CollisionShape3D" type="CollisionShape3D" parent="rig_base/Skeleton3D/PhysicalBoneSimulator3D/Physical Bone ring_1_R" index="0"]
transform = Transform3D(1.1, 0, 0, 0, -4.80825e-08, 1.1, 0, -1.1, -4.80825e-08, 0, 0, 0)
shape = SubResource("CapsuleShape3D_31pt3")
debug_color = Color(0.878299, 0.000386779, 0.827781, 0.42)

[node name="Physical Bone ring_2_R" type="PhysicalBone3D" parent="rig_base/Skeleton3D/PhysicalBoneSimulator3D" index="28"]
transform = Transform3D(-0.575206, 0.581264, -0.575561, 0.817305, 0.437567, -0.374898, 0.0339316, -0.686052, -0.726761, -0.179681, 0.0803739, -1.02349)
collision_layer = 2
collision_mask = 2
joint_type = 1
joint_offset = Transform3D(1, 0, 0, 0, 1, 0, 0, 0, 1, 7.5173e-05, 3.67415e-06, 0.0156289)
body_offset = Transform3D(1, 9.05991e-06, 8.79169e-06, 9.0003e-06, -3.3021e-05, -1, -8.67248e-06, 1, -3.29167e-05, -7.53105e-05, 0.0156289, -3.15905e-06)
bone_name = "ring_2.R"
joint_constraints/bias = 0.3
joint_constraints/damping = 1.0
joint_constraints/impulse_clamp = 0.0
script = ExtResource("3_onypb")

[node name="CollisionShape3D" type="CollisionShape3D" parent="rig_base/Skeleton3D/PhysicalBoneSimulator3D/Physical Bone ring_2_R" index="0"]
transform = Transform3D(1.1, 0, 0, 0, -4.80825e-08, 1.1, 0, -1.1, -4.80825e-08, 0, 0, 0)
shape = SubResource("CapsuleShape3D_hsigb")
debug_color = Color(0.878299, 0.000386779, 0.827781, 0.42)

[node name="Physical Bone mid_1_R" type="PhysicalBone3D" parent="rig_base/Skeleton3D/PhysicalBoneSimulator3D" index="29"]
transform = Transform3D(-0.711197, 0.502529, -0.491593, 0.690935, 0.37071, -0.620631, -0.129646, -0.78105, -0.610863, -0.184754, 0.0739146, -1.06227)
collision_layer = 2
collision_mask = 2
joint_type = 1
joint_offset = Transform3D(1, 0, 0, 0, 1, 0, 0, 0, 1, -0.000587361, -2.77815e-05, 0.021847)
body_offset = Transform3D(1, 2.89083e-06, 4.16934e-05, 4.21107e-05, 2.87592e-06, -1, -2.563e-06, 1, 2.92063e-06, 0.00058645, 0.0218471, 2.77162e-05)
bone_name = "mid_1.R"
joint_constraints/bias = 0.3
joint_constraints/damping = 1.0
joint_constraints/impulse_clamp = 0.0
script = ExtResource("3_onypb")

[node name="CollisionShape3D" type="CollisionShape3D" parent="rig_base/Skeleton3D/PhysicalBoneSimulator3D/Physical Bone mid_1_R" index="0"]
transform = Transform3D(1.1, 0, 0, 0, -4.80825e-08, 1.1, 0, -1.1, -4.80825e-08, 0, 0, 0)
shape = SubResource("CapsuleShape3D_btufh")
debug_color = Color(0.878299, 0.000386779, 0.827781, 0.42)

[node name="Physical Bone mid_2_R" type="PhysicalBone3D" parent="rig_base/Skeleton3D/PhysicalBoneSimulator3D" index="30"]
transform = Transform3D(-0.588077, 0.570501, -0.573319, 0.808008, 0.445851, -0.385148, 0.0358878, -0.689743, -0.723164, -0.164497, 0.0930706, -1.03736)
collision_layer = 2
collision_mask = 2
joint_type = 1
joint_offset = Transform3D(1, 0, 0, 0, 1, 0, 0, 0, 1, 3.20225e-05, -7.54075e-06, 0.0160757)
body_offset = Transform3D(0.999974, -0.00693327, -0.00202855, -0.00201279, 0.00225252, -0.999995, 0.00693819, 0.999973, 0.00223868, 5.36442e-07, 0.0160757, -2.86698e-05)
bone_name = "mid_2.R"
joint_constraints/bias = 0.3
joint_constraints/damping = 1.0
joint_constraints/impulse_clamp = 0.0
script = ExtResource("3_onypb")

[node name="CollisionShape3D" type="CollisionShape3D" parent="rig_base/Skeleton3D/PhysicalBoneSimulator3D/Physical Bone mid_2_R" index="0"]
transform = Transform3D(1.1, 0, 0, 0, -4.80825e-08, 1.1, 0, -1.1, -4.80825e-08, 0, 0, 0)
shape = SubResource("CapsuleShape3D_kaqhu")
debug_color = Color(0.878299, 0.000386779, 0.827781, 0.42)

[node name="Physical Bone point_1_R" type="PhysicalBone3D" parent="rig_base/Skeleton3D/PhysicalBoneSimulator3D" index="31"]
transform = Transform3D(-0.720783, 0.487935, -0.492333, 0.683626, 0.382996, -0.621265, -0.114575, -0.784368, -0.609622, -0.174363, 0.0798107, -1.08187)
collision_layer = 2
collision_mask = 2
joint_type = 1
joint_offset = Transform3D(1, 0, 0, 0, 1, 0, 0, 0, 1, -0.000155474, 0.00248922, 0.0182959)
body_offset = Transform3D(1, 8.46386e-06, 1.81496e-05, 1.8537e-05, -2.67774e-05, -1, -8.19564e-06, 1, -2.67476e-05, 0.000155121, 0.018296, -0.00248873)
