[gd_scene load_steps=43 format=3 uid="uid://dp184cddhtubo"]

[ext_resource type="PackedScene" uid="uid://dm35mdk4nuxai" path="res://blender_models/Base_Rig.003.glb" id="1_i5gnq"]
[ext_resource type="Script" uid="uid://bqxrflxmu3o5q" path="res://character_rig.gd" id="2_ujp2s"]
[ext_resource type="Script" uid="uid://dm2ch3xio0bmc" path="res://physical_bone.gd" id="3_o7jsn"]

[sub_resource type="CapsuleShape3D" id="CapsuleShape3D_ujp2s"]
radius = 0.00796569
height = 0.0796569

[sub_resource type="CapsuleShape3D" id="CapsuleShape3D_o7jsn"]
radius = 0.0198789
height = 0.198789

[sub_resource type="CapsuleShape3D" id="CapsuleShape3D_jdbjt"]
radius = 0.0382146
height = 0.382146

[sub_resource type="CapsuleShape3D" id="CapsuleShape3D_s772f"]
radius = 0.0382146
height = 0.382146

[sub_resource type="CapsuleShape3D" id="CapsuleShape3D_jvxvb"]
radius = 0.0163578
height = 0.163578

[sub_resource type="CapsuleShape3D" id="CapsuleShape3D_l1btd"]
radius = 0.0223278
height = 0.223278

[sub_resource type="CapsuleShape3D" id="CapsuleShape3D_xwcbp"]
radius = 0.0174611
height = 0.174611

[sub_resource type="CapsuleShape3D" id="CapsuleShape3D_mqmr4"]
radius = 0.0280077
height = 0.280077

[sub_resource type="CapsuleShape3D" id="CapsuleShape3D_prjdr"]
radius = 0.0227913
height = 0.227913

[sub_resource type="CapsuleShape3D" id="CapsuleShape3D_m6cy8"]
radius = 0.0073355
height = 0.073355

[sub_resource type="CapsuleShape3D" id="CapsuleShape3D_ha6xk"]
radius = 0.00400606
height = 0.0400606

[sub_resource type="CapsuleShape3D" id="CapsuleShape3D_finta"]
radius = 0.00256671
height = 0.0256671

[sub_resource type="CapsuleShape3D" id="CapsuleShape3D_656fu"]
radius = 0.00433085
height = 0.0433085

[sub_resource type="CapsuleShape3D" id="CapsuleShape3D_exlho"]
radius = 0.00312081
height = 0.0312081

[sub_resource type="CapsuleShape3D" id="CapsuleShape3D_c463g"]
radius = 0.00434408
height = 0.0434408

[sub_resource type="CapsuleShape3D" id="CapsuleShape3D_nq235"]
radius = 0.00321798
height = 0.0321798

[sub_resource type="CapsuleShape3D" id="CapsuleShape3D_2mjnp"]
radius = 0.00429446
height = 0.0429446

[sub_resource type="CapsuleShape3D" id="CapsuleShape3D_uyers"]
radius = 0.00316179
height = 0.0316179

[sub_resource type="CapsuleShape3D" id="CapsuleShape3D_ol8cg"]
radius = 0.00347345
height = 0.0347345

[sub_resource type="CapsuleShape3D" id="CapsuleShape3D_52h0e"]
radius = 0.003218
height = 0.03218

[sub_resource type="CapsuleShape3D" id="CapsuleShape3D_qh7a0"]
radius = 0.00838103
height = 0.0838103

[sub_resource type="CapsuleShape3D" id="CapsuleShape3D_4smbv"]
radius = 0.0174611
height = 0.174611

[sub_resource type="CapsuleShape3D" id="CapsuleShape3D_d3usw"]
radius = 0.0280077
height = 0.280077

[sub_resource type="CapsuleShape3D" id="CapsuleShape3D_y0hts"]
radius = 0.0227913
height = 0.227913

[sub_resource type="CapsuleShape3D" id="CapsuleShape3D_p5i6u"]
radius = 0.0073355
height = 0.073355

[sub_resource type="CapsuleShape3D" id="CapsuleShape3D_ml63j"]
radius = 0.00400606
height = 0.0400606

[sub_resource type="CapsuleShape3D" id="CapsuleShape3D_igv2v"]
radius = 0.00256671
height = 0.0256671

[sub_resource type="CapsuleShape3D" id="CapsuleShape3D_31pt3"]
radius = 0.00433085
height = 0.0433085

[sub_resource type="CapsuleShape3D" id="CapsuleShape3D_hsigb"]
radius = 0.00312081
height = 0.0312081

[sub_resource type="CapsuleShape3D" id="CapsuleShape3D_btufh"]
radius = 0.00434408
height = 0.0434408

[sub_resource type="CapsuleShape3D" id="CapsuleShape3D_kaqhu"]
radius = 0.00321798
height = 0.0321798

[sub_resource type="CapsuleShape3D" id="CapsuleShape3D_42xq1"]
radius = 0.00429446
height = 0.0429446

[sub_resource type="CapsuleShape3D" id="CapsuleShape3D_syfqy"]
radius = 0.00316179
height = 0.0316179

[sub_resource type="CapsuleShape3D" id="CapsuleShape3D_3nwp8"]
radius = 0.00347345
height = 0.0347345

[sub_resource type="CapsuleShape3D" id="CapsuleShape3D_bcs6v"]
radius = 0.003218
height = 0.03218

[sub_resource type="CapsuleShape3D" id="CapsuleShape3D_glryy"]
radius = 0.0110093
height = 0.110093

[sub_resource type="CapsuleShape3D" id="CapsuleShape3D_kdqqd"]
radius = 0.0924058
height = 0.924057

[sub_resource type="CapsuleShape3D" id="CapsuleShape3D_aqt4p"]
radius = 0.00072917
height = 0.0072917

[sub_resource type="CapsuleShape3D" id="CapsuleShape3D_pm70o"]
radius = 0.0110974
height = 0.110974

[node name="Base_Rig_003" instance=ExtResource("1_i5gnq")]
script = ExtResource("2_ujp2s")

[node name="Skeleton3D" parent="rig_base" index="0"]
bones/1/position = Vector3(0, -0.00734104, -1.08166)
bones/3/rotation = Quaternion(0.0624129, 0.987931, -0.140435, 0.0193891)
bones/4/rotation = Quaternion(-0.169648, 0.000574039, -0.024455, 0.985201)
bones/5/rotation = Quaternion(-0.0669873, 0.911609, -0.405475, -0.00844035)
bones/6/rotation = Quaternion(-0.237417, -0.000565655, 0.034224, 0.970805)
bones/7/rotation = Quaternion(0.689521, 0, 0, 0.724266)
bones/9/rotation = Quaternion(-0.37853, -0.0699047, -0.48643, 0.784356)
bones/10/rotation = Quaternion(0.0551318, 0.522899, -0.525178, 0.669122)
bones/11/rotation = Quaternion(0.58382, 0.254485, -0.308934, 0.706364)
bones/28/rotation = Quaternion(0.578387, 0.00813987, -0.62881, 0.519616)
bones/31/rotation = Quaternion(0.231148, 0, 0, 0.972919)
bones/32/rotation = Quaternion(-0.385445, 0.0426578, 0.527101, 0.75616)
bones/33/rotation = Quaternion(0.0498566, -0.575361, 0.459887, 0.674521)
bones/34/rotation = Quaternion(0.607561, -0.193057, 0.300747, 0.70933)
bones/51/rotation = Quaternion(0.649991, -0.011393, 0.567534, 0.505259)
bones/53/position = Vector3(0.173005, -0.249205, -0.102729)
bones/53/rotation = Quaternion(0.27751, 0, 0, 0.960723)
bones/54/rotation = Quaternion(-0.203431, 0.0938934, 0.051807, 0.973199)
bones/56/position = Vector3(0.173005, -0.249205, -0.102729)
bones/58/position = Vector3(-0.173005, 0.154709, -0.102729)
bones/59/position = Vector3(-1.49012e-08, -1.90921e-07, 2.1645e-07)
bones/59/rotation = Quaternion(0.961676, 0, 0, -0.27419)
bones/60/rotation = Quaternion(-0.198845, -0.0946101, -0.0526296, 0.974033)
bones/62/rotation = Quaternion(0.0570964, 1.75889e-15, 0.998369, -9.40992e-09)

[node name="PhysicalBoneSimulator3D" type="PhysicalBoneSimulator3D" parent="rig_base/Skeleton3D" index="1"]

[node name="Physical Bone torso_crtl" type="PhysicalBone3D" parent="rig_base/Skeleton3D/PhysicalBoneSimulator3D" index="0"]
transform = Transform3D(-1, 0, 0, 0, 6.85401e-08, -1, 0, -1, -6.85401e-08, 0, 0.0324874, -1.08166)
collision_layer = 2
collision_mask = 2
joint_offset = Transform3D(1, 0, 0, 0, 1, 0, 0, 0, 1, 0, -2.72984e-09, 0.0398284)
body_offset = Transform3D(-1, 0, 0, 0, -6.85401e-08, 1, 0, 1, 6.85401e-08, 0, -0.0398284, 0)
bone_name = "torso_crtl"

[node name="CollisionShape3D" type="CollisionShape3D" parent="rig_base/Skeleton3D/PhysicalBoneSimulator3D/Physical Bone torso_crtl" index="0"]
transform = Transform3D(1.1, 0, 0, 0, -4.80825e-08, 1.1, 0, -1.1, -4.80825e-08, 0, 0, 0)
shape = SubResource("CapsuleShape3D_ujp2s")
debug_color = Color(0.878299, 0.000386779, 0.827781, 0.42)

[node name="Physical Bone hips" type="PhysicalBone3D" parent="rig_base/Skeleton3D/PhysicalBoneSimulator3D" index="1"]
transform = Transform3D(-0.358005, -0.81421, -0.45705, -0.874806, 0.121366, 0.469025, -0.326414, 0.567744, -0.755725, 0.0454289, 0.0256934, -1.00655)
collision_layer = 2
collision_mask = 2
joint_type = 1
joint_offset = Transform3D(1, 0, 0, 0, 1, 0, 0, 0, 1, -2.38791e-06, -5.4203e-07, 0.0993986)
body_offset = Transform3D(-0.358005, -0.81421, -0.45705, -3.42727e-06, 0.489495, -0.872006, 0.93372, -0.312181, -0.175245, 0.0454289, 0.0866764, 0.0174211)
bone_name = "hips"
joint_constraints/bias = 0.3
joint_constraints/damping = 1.0
joint_constraints/impulse_clamp = 0.0

[node name="CollisionShape3D" type="CollisionShape3D" parent="rig_base/Skeleton3D/PhysicalBoneSimulator3D/Physical Bone hips" index="0"]
transform = Transform3D(1.1, 0, 0, 0, -4.80825e-08, 1.1, 0, -1.1, -4.80825e-08, 0, 0, 0)
shape = SubResource("CapsuleShape3D_o7jsn")
debug_color = Color(0.878299, 0.000386779, 0.827781, 0.42)

[node name="Physical Bone thigh_L" type="PhysicalBone3D" parent="rig_base/Skeleton3D/PhysicalBoneSimulator3D" index="2"]
transform = Transform3D(-0.991458, 0.0207801, -0.128763, 0.0111107, 0.997094, 0.0753621, 0.129955, 0.0732877, -0.988808, 0.115481, -0.035334, -0.742476)
collision_layer = 2
collision_mask = 2
joint_type = 1
joint_offset = Transform3D(1, 0, 0, 0, 1, 0, 0, 0, 1, 1.78371e-05, 1.17633e-05, 0.1911)
body_offset = Transform3D(1, -1.98372e-07, -1.79559e-06, -1.7616e-06, -2.74926e-06, -1, 1.90921e-07, 1, -2.64496e-06, -1.7494e-05, 0.1911, -1.12578e-05)
bone_name = "thigh.L"
joint_constraints/bias = 0.3
joint_constraints/damping = 1.0
joint_constraints/impulse_clamp = 0.0

[node name="CollisionShape3D" type="CollisionShape3D" parent="rig_base/Skeleton3D/PhysicalBoneSimulator3D/Physical Bone thigh_L" index="0"]
transform = Transform3D(1.1, 0, 0, 0, -4.80825e-08, 1.1, 0, -1.1, -4.80825e-08, 0, 0, 0)
shape = SubResource("CapsuleShape3D_jdbjt")
debug_color = Color(0.878299, 0.000386779, 0.827781, 0.42)

[node name="Physical Bone thigh_R" type="PhysicalBone3D" parent="rig_base/Skeleton3D/PhysicalBoneSimulator3D" index="3"]
transform = Transform3D(-0.990884, 0.0389398, 0.12897, -0.0249989, 0.887545, -0.460042, -0.132381, -0.459073, -0.87848, -0.115496, 0.0669895, -0.763583)
collision_layer = 2
collision_mask = 2
joint_type = 1
joint_offset = Transform3D(1, 0, 0, 0, 1, 0, 0, 0, 1, 3.34764e-06, -8.92238e-06, 0.191073)
body_offset = Transform3D(1, -9.48459e-06, 8.13697e-06, 8.09878e-06, 3.33488e-05, -1, 9.48645e-06, 1, 3.34382e-05, -4.90248e-06, 0.191073, 2.5332e-06)
bone_name = "thigh.R"
joint_constraints/bias = 0.3
joint_constraints/damping = 1.0
joint_constraints/impulse_clamp = 0.0

[node name="CollisionShape3D" type="CollisionShape3D" parent="rig_base/Skeleton3D/PhysicalBoneSimulator3D/Physical Bone thigh_R" index="0"]
transform = Transform3D(1.1, 0, 0, 0, -4.80825e-08, 1.1, 0, -1.1, -4.80825e-08, 0, 0, 0)
shape = SubResource("CapsuleShape3D_s772f")
debug_color = Color(0.878299, 0.000386779, 0.827781, 0.42)

[node name="Physical Bone torso_1" type="PhysicalBone3D" parent="rig_base/Skeleton3D/PhysicalBoneSimulator3D" index="4"]
transform = Transform3D(1, -1.51459e-07, -5.0867e-08, 1.53775e-07, 0.998793, 0.0491212, 4.33658e-08, -0.0491212, 0.998793, 3.24799e-08, 0.0682999, -1.16335)
collision_layer = 2
collision_mask = 2
joint_type = 1
joint_offset = Transform3D(1, 0, 0, 0, 1, 0, 0, 0, 1, -2.83201e-08, -1.22436e-06, 0.0817808)
body_offset = Transform3D(1, -1.51459e-07, -5.0867e-08, -5.0867e-08, 2.12342e-07, -1, 1.51459e-07, 1, 2.12342e-07, 3.24799e-08, 0.0817808, 1.20699e-06)
bone_name = "torso_1"
joint_constraints/bias = 0.3
joint_constraints/damping = 1.0
joint_constraints/impulse_clamp = 0.0

[node name="CollisionShape3D" type="CollisionShape3D" parent="rig_base/Skeleton3D/PhysicalBoneSimulator3D/Physical Bone torso_1" index="0"]
transform = Transform3D(1.1, 0, 0, 0, -4.80825e-08, 1.1, 0, -1.1, -4.80825e-08, 0, 0, 0)
shape = SubResource("CapsuleShape3D_jvxvb")
debug_color = Color(0.878299, 0.000386779, 0.827781, 0.42)

[node name="Physical Bone torso_2" type="PhysicalBone3D" parent="rig_base/Skeleton3D/PhysicalBoneSimulator3D" index="5"]
transform = Transform3D(-0.552006, -0.814166, -0.180064, 0.826816, -0.562411, 0.00826897, -0.108002, -0.144316, 0.98362, 0.020088, 0.0633596, -1.35487)
collision_layer = 2
collision_mask = 2
joint_type = 1
joint_offset = Transform3D(1, 0, 0, 0, 1, 0, 0, 0, 1, -1.08099e-05, -1.22432e-05, 0.111649)
body_offset = Transform3D(-0.552006, -0.814166, -0.180064, 3.09944e-06, 0.215944, -0.976406, 0.833841, -0.538982, -0.1192, 0.020088, 0.109017, 0.0133109)
bone_name = "torso_2"
joint_constraints/bias = 0.3
joint_constraints/damping = 1.0
joint_constraints/impulse_clamp = 0.0

[node name="CollisionShape3D" type="CollisionShape3D" parent="rig_base/Skeleton3D/PhysicalBoneSimulator3D/Physical Bone torso_2" index="0"]
transform = Transform3D(1.1, 0, 0, 0, -4.80825e-08, 1.1, 0, -1.1, -4.80825e-08, 0, 0, 0)
shape = SubResource("CapsuleShape3D_l1btd")
debug_color = Color(0.878299, 0.000386779, 0.827781, 0.42)

[node name="Physical Bone shoulder_L" type="PhysicalBone3D" parent="rig_base/Skeleton3D/PhysicalBoneSimulator3D" index="6"]
transform = Transform3D(0.512739, 0.456461, -0.727146, 0.555871, 0.468963, 0.686354, 0.654299, -0.75612, -0.0132777, 0.103664, 0.00251732, -1.46352)
collision_layer = 2
collision_mask = 2
joint_type = 1
joint_offset = Transform3D(1, 0, 0, 0, 1, 0, 0, 0, 1, 2.2359e-06, -9.1698e-06, 0.0873077)
body_offset = Transform3D(0.999869, 0.0157326, 0.00392613, 2.47359e-06, 0.241974, -0.970283, -0.0162151, 0.970155, 0.241942, -0.000344872, 0.0847153, -0.0211145)
bone_name = "shoulder.L"
joint_constraints/bias = 0.3
joint_constraints/damping = 1.0
joint_constraints/impulse_clamp = 0.0

[node name="CollisionShape3D" type="CollisionShape3D" parent="rig_base/Skeleton3D/PhysicalBoneSimulator3D/Physical Bone shoulder_L" index="0"]
transform = Transform3D(1.1, 0, 0, 0, -4.80825e-08, 1.1, 0, -1.1, -4.80825e-08, 0, 0, 0)
shape = SubResource("CapsuleShape3D_xwcbp")
debug_color = Color(0.878299, 0.000386779, 0.827781, 0.42)

[node name="Physical Bone arm_1_L" type="PhysicalBone3D" parent="rig_base/Skeleton3D/PhysicalBoneSimulator3D" index="7"]
transform = Transform3D(-0.773231, -0.0608742, -0.631196, -0.163005, 0.981014, 0.105073, 0.612816, 0.184134, -0.768473, 0.25536, -0.0721321, -1.35474)
collision_layer = 2
collision_mask = 2
joint_type = 1
joint_offset = Transform3D(1, 0, 0, 0, 1, 0, 0, 0, 1, -0.000136065, 6.73796e-07, 0.139927)
body_offset = Transform3D(1, 5.75185e-06, 8.80845e-05, 8.82968e-05, 7.8246e-05, -1, -5.87106e-06, 1, 7.80299e-05, 0.000123739, 0.139927, -1.15931e-05)
bone_name = "arm_1.L"
joint_constraints/bias = 0.3
joint_constraints/damping = 1.0
joint_constraints/impulse_clamp = 0.0

[node name="CollisionShape3D" type="CollisionShape3D" parent="rig_base/Skeleton3D/PhysicalBoneSimulator3D/Physical Bone arm_1_L" index="0"]
transform = Transform3D(1.1, 0, 0, 0, -4.80825e-08, 1.1, 0, -1.1, -4.80825e-08, 0, 0, 0)
shape = SubResource("CapsuleShape3D_mqmr4")
debug_color = Color(0.878299, 0.000386779, 0.827781, 0.42)

[node name="Physical Bone arm_2_L" type="PhysicalBone3D" parent="rig_base/Skeleton3D/PhysicalBoneSimulator3D" index="8"]
transform = Transform3D(-0.569608, -0.630344, 0.527459, -0.802665, 0.288527, -0.521998, 0.176853, -0.720707, -0.670302, 0.283804, -0.0273009, -1.17076)
collision_layer = 2
collision_mask = 2
joint_type = 1
joint_offset = Transform3D(1, 0, 0, 0, 1, 0, 0, 0, 1, 3.5047e-05, -3.60428e-05, 0.113944)
body_offset = Transform3D(1, -4.33624e-06, 9.36389e-05, 9.34303e-05, 8.10623e-06, -1, 4.21703e-06, 1, 8.21054e-06, -4.57168e-05, 0.113944, 3.51071e-05)
bone_name = "arm_2.L"
joint_constraints/bias = 0.3
joint_constraints/damping = 1.0
joint_constraints/impulse_clamp = 0.0

[node name="CollisionShape3D" type="CollisionShape3D" parent="rig_base/Skeleton3D/PhysicalBoneSimulator3D/Physical Bone arm_2_L" index="0"]
transform = Transform3D(1.1, 0, 0, 0, -4.80825e-08, 1.1, 0, -1.1, -4.80825e-08, 0, 0, 0)
shape = SubResource("CapsuleShape3D_prjdr")
debug_color = Color(0.878299, 0.000386779, 0.827781, 0.42)

[node name="Physical Bone hand_L" type="PhysicalBone3D" parent="rig_base/Skeleton3D/PhysicalBoneSimulator3D" index="9"]
transform = Transform3D(-0.818149, -0.572681, 0.0516658, -0.493284, 0.65286, -0.574844, 0.295471, -0.495793, -0.816631, 0.221782, 0.0532207, -1.06437)
collision_layer = 2
collision_mask = 2
joint_type = 1
joint_offset = Transform3D(1, 0, 0, 0, 1, 0, 0, 0, 1, -1.59768e-06, -7.83242e-07, 0.0366798)
body_offset = Transform3D(0.982861, -0.17338, -0.0626372, 2.26498e-06, 0.33979, -0.940501, 0.184348, 0.924382, 0.333967, 0.00229895, 0.0344976, -0.0122488)
bone_name = "hand.L"
joint_constraints/bias = 0.3
joint_constraints/damping = 1.0
joint_constraints/impulse_clamp = 0.0

[node name="CollisionShape3D" type="CollisionShape3D" parent="rig_base/Skeleton3D/PhysicalBoneSimulator3D/Physical Bone hand_L" index="0"]
transform = Transform3D(1.1, 0, 0, 0, -4.80825e-08, 1.1, 0, -1.1, -4.80825e-08, 0, 0, 0)
shape = SubResource("CapsuleShape3D_m6cy8")
debug_color = Color(0.878299, 0.000386779, 0.827781, 0.42)

[node name="Physical Bone pinky_1_L" type="PhysicalBone3D" parent="rig_base/Skeleton3D/PhysicalBoneSimulator3D" index="10"]
transform = Transform3D(-0.590735, -0.687101, 0.422995, -0.764275, 0.308423, -0.566356, 0.258682, -0.657851, -0.70733, 0.211523, 0.0857169, -1.02031)
collision_layer = 2
collision_mask = 2
joint_type = 1
joint_offset = Transform3D(1, 0, 0, 0, 1, 0, 0, 0, 1, 0.000130307, 1.39066e-05, 0.0199838)
body_offset = Transform3D(1, -2.04146e-06, -2.05636e-06, -2.29478e-06, -6.98864e-06, -1, 1.92225e-06, 1, -6.91414e-06, -0.000130266, 0.0199838, -1.37687e-05)
bone_name = "pinky_1.L"
joint_constraints/bias = 0.3
joint_constraints/damping = 1.0
joint_constraints/impulse_clamp = 0.0

[node name="CollisionShape3D" type="CollisionShape3D" parent="rig_base/Skeleton3D/PhysicalBoneSimulator3D/Physical Bone pinky_1_L" index="0"]
transform = Transform3D(1.1, 0, 0, 0, -4.80825e-08, 1.1, 0, -1.1, -4.80825e-08, 0, 0, 0)
shape = SubResource("CapsuleShape3D_ha6xk")
debug_color = Color(0.878299, 0.000386779, 0.827781, 0.42)

[node name="Physical Bone pinky_2_L" type="PhysicalBone3D" parent="rig_base/Skeleton3D/PhysicalBoneSimulator3D" index="11"]
transform = Transform3D(-0.427798, -0.660525, 0.617005, -0.902626, 0.276323, -0.330019, 0.0474933, -0.698106, -0.714417, 0.19503, 0.10123, -0.996928)
collision_layer = 2
collision_mask = 2
joint_type = 1
joint_offset = Transform3D(1, 0, 0, 0, 1, 0, 0, 0, 1, 4.9063e-06, -3.65717e-06, 0.0128259)
body_offset = Transform3D(1, -5.28991e-06, -3.78489e-06, -3.93391e-06, -7.84546e-06, -1, 5.21541e-06, 1, -7.63685e-06, -4.85778e-06, 0.0128258, 3.75509e-06)
bone_name = "pinky_2.L"
joint_constraints/bias = 0.3
joint_constraints/damping = 1.0
joint_constraints/impulse_clamp = 0.0

[node name="CollisionShape3D" type="CollisionShape3D" parent="rig_base/Skeleton3D/PhysicalBoneSimulator3D/Physical Bone pinky_2_L" index="0"]
transform = Transform3D(1.1, 0, 0, 0, -4.80825e-08, 1.1, 0, -1.1, -4.80825e-08, 0, 0, 0)
shape = SubResource("CapsuleShape3D_finta")
debug_color = Color(0.878299, 0.000386779, 0.827781, 0.42)

[node name="Physical Bone ring_1_L" type="PhysicalBone3D" parent="rig_base/Skeleton3D/PhysicalBoneSimulator3D" index="12"]
transform = Transform3D(-0.603364, -0.670321, 0.431997, -0.75856, 0.315286, -0.570247, 0.246046, -0.671762, -0.698711, 0.196659, 0.0933289, -1.0284)
collision_layer = 2
collision_mask = 2
joint_type = 1
joint_offset = Transform3D(1, 0, 0, 0, 1, 0, 0, 0, 1, -0.00122942, 1.13919e-05, 0.022688)
body_offset = Transform3D(1, 3.89218e-05, -2.31266e-05, -2.34246e-05, -8.65906e-05, -1, -3.91006e-05, 1, -8.65161e-05, 0.00122994, 0.022688, -9.47714e-06)
bone_name = "ring_1.L"
joint_constraints/bias = 0.3
joint_constraints/damping = 1.0
joint_constraints/impulse_clamp = 0.0

[node name="CollisionShape3D" type="CollisionShape3D" parent="rig_base/Skeleton3D/PhysicalBoneSimulator3D/Physical Bone ring_1_L" index="0"]
transform = Transform3D(1.1, 0, 0, 0, -4.80825e-08, 1.1, 0, -1.1, -4.80825e-08, 0, 0, 0)
shape = SubResource("CapsuleShape3D_656fu")
debug_color = Color(0.878299, 0.000386779, 0.827781, 0.42)

[node name="Physical Bone ring_2_L" type="PhysicalBone3D" parent="rig_base/Skeleton3D/PhysicalBoneSimulator3D" index="13"]
transform = Transform3D(-0.478643, -0.670161, 0.567261, -0.875511, 0.31559, -0.365901, 0.0661902, -0.671779, -0.737788, 0.179601, 0.111674, -1.00277)
collision_layer = 2
collision_mask = 2
joint_type = 1
joint_offset = Transform3D(1, 0, 0, 0, 1, 0, 0, 0, 1, -7.02297e-05, 5.7583e-06, 0.0156148)
body_offset = Transform3D(1, 1.69873e-06, -4.73857e-06, -4.91738e-06, 5.1111e-06, -1, -1.78814e-06, 1, 5.30481e-06, 7.03037e-05, 0.0156148, -5.84126e-06)
bone_name = "ring_2.L"
joint_constraints/bias = 0.3
joint_constraints/damping = 1.0
joint_constraints/impulse_clamp = 0.0

[node name="CollisionShape3D" type="CollisionShape3D" parent="rig_base/Skeleton3D/PhysicalBoneSimulator3D/Physical Bone ring_2_L" index="0"]
transform = Transform3D(1.1, 0, 0, 0, -4.80825e-08, 1.1, 0, -1.1, -4.80825e-08, 0, 0, 0)
shape = SubResource("CapsuleShape3D_exlho")
debug_color = Color(0.878299, 0.000386779, 0.827781, 0.42)

[node name="Physical Bone mid_1_L" type="PhysicalBone3D" parent="rig_base/Skeleton3D/PhysicalBoneSimulator3D" index="14"]
transform = Transform3D(-0.617484, -0.590374, 0.519781, -0.752453, 0.250803, -0.609026, 0.229191, -0.767175, -0.599095, 0.182845, 0.10259, -1.04124)
collision_layer = 2
collision_mask = 2
joint_type = 1
joint_offset = Transform3D(1, 0, 0, 0, 1, 0, 0, 0, 1, 0.000436834, -3.43182e-06, 0.0217741)
body_offset = Transform3D(1, -0.000311181, -0.000495136, -0.000495344, 0.000197992, -1, 0.000311226, 1, 0.000197902, -0.000426054, 0.0217743, -1.01328e-06)
bone_name = "mid_1.L"
joint_constraints/bias = 0.3
joint_constraints/damping = 1.0
joint_constraints/impulse_clamp = 0.0

[node name="CollisionShape3D" type="CollisionShape3D" parent="rig_base/Skeleton3D/PhysicalBoneSimulator3D/Physical Bone mid_1_L" index="0"]
transform = Transform3D(1.1, 0, 0, 0, -4.80825e-08, 1.1, 0, -1.1, -4.80825e-08, 0, 0, 0)
shape = SubResource("CapsuleShape3D_c463g")
debug_color = Color(0.878299, 0.000386779, 0.827781, 0.42)

[node name="Physical Bone mid_2_L" type="PhysicalBone3D" parent="rig_base/Skeleton3D/PhysicalBoneSimulator3D" index="15"]
transform = Transform3D(-0.496009, -0.655947, 0.568954, -0.866358, 0.329854, -0.374994, 0.0583046, -0.678918, -0.731895, 0.162174, 0.121505, -1.01639)
collision_layer = 2
collision_mask = 2
joint_type = 1
joint_offset = Transform3D(1, 0, 0, 0, 1, 0, 0, 0, 1, 1.06986e-07, 4.7299e-06, 0.0160857)
body_offset = Transform3D(1, -6.85453e-07, -1.59144e-05, -1.60933e-05, 2.30223e-06, -1, 6.55651e-07, 1, 2.39164e-06, 1.49012e-07, 0.0160857, -4.76837e-06)
bone_name = "mid_2.L"
joint_constraints/bias = 0.3
joint_constraints/damping = 1.0
joint_constraints/impulse_clamp = 0.0

[node name="CollisionShape3D" type="CollisionShape3D" parent="rig_base/Skeleton3D/PhysicalBoneSimulator3D/Physical Bone mid_2_L" index="0"]
transform = Transform3D(1.1, 0, 0, 0, -4.80825e-08, 1.1, 0, -1.1, -4.80825e-08, 0, 0, 0)
shape = SubResource("CapsuleShape3D_nq235")
debug_color = Color(0.878299, 0.000386779, 0.827781, 0.42)

[node name="Physical Bone point_1_L" type="PhysicalBone3D" parent="rig_base/Skeleton3D/PhysicalBoneSimulator3D" index="16"]
transform = Transform3D(-0.628834, -0.577607, 0.520518, -0.747269, 0.26398, -0.609839, 0.214841, -0.772454, -0.597627, 0.167485, 0.108421, -1.06042)
collision_layer = 2
collision_mask = 2
joint_type = 1
joint_offset = Transform3D(1, 0, 0, 0, 1, 0, 0, 0, 1, 2.9407e-05, -1.83107e-06, 0.0214826)
body_offset = Transform3D(1, -2.7895e-05, -5.0962e-05, -5.12004e-05, -2.03848e-05, -1, 2.7746e-05, 1, -2.02358e-05, -2.83122e-05, 0.0214826, 2.26498e-06)
bone_name = "point_1.L"
joint_constraints/bias = 0.3
joint_constraints/damping = 1.0
joint_constraints/impulse_clamp = 0.0

[node name="CollisionShape3D" type="CollisionShape3D" parent="rig_base/Skeleton3D/PhysicalBoneSimulator3D/Physical Bone point_1_L" index="0"]
transform = Transform3D(1.1, 0, 0, 0, -4.80825e-08, 1.1, 0, -1.1, -4.80825e-08, 0, 0, 0)
shape = SubResource("CapsuleShape3D_2mjnp")
debug_color = Color(0.878299, 0.000386779, 0.827781, 0.42)

[node name="Physical Bone point_2_L" type="PhysicalBone3D" parent="rig_base/Skeleton3D/PhysicalBoneSimulator3D" index="17"]
transform = Transform3D(-0.487677, -0.596588, 0.637381, -0.871159, 0.284842, -0.399934, 0.0570425, -0.750299, -0.658634, 0.146238, 0.12783, -1.03717)
collision_layer = 2
collision_mask = 2
joint_type = 1
joint_offset = Transform3D(1, 0, 0, 0, 1, 0, 0, 0, 1, 2.47371e-05, 3.30254e-06, 0.0158067)
body_offset = Transform3D(0.999999, 5.69224e-06, -0.00133401, -0.00133419, -1.63913e-06, -0.999999, -5.75185e-06, 1, -1.52737e-06, -3.65078e-06, 0.0158067, -3.27826e-06)
bone_name = "point_2.L"
joint_constraints/bias = 0.3
joint_constraints/damping = 1.0
joint_constraints/impulse_clamp = 0.0

[node name="CollisionShape3D" type="CollisionShape3D" parent="rig_base/Skeleton3D/PhysicalBoneSimulator3D/Physical Bone point_2_L" index="0"]
transform = Transform3D(1.1, 0, 0, 0, -4.80825e-08, 1.1, 0, -1.1, -4.80825e-08, 0, 0, 0)
shape = SubResource("CapsuleShape3D_uyers")
debug_color = Color(0.878299, 0.000386779, 0.827781, 0.42)

[node name="Physical Bone thumb_1_L" type="PhysicalBone3D" parent="rig_base/Skeleton3D/PhysicalBoneSimulator3D" index="18"]
transform = Transform3D(-0.389993, -0.0636407, 0.918616, -0.910129, -0.124923, -0.395044, 0.139897, -0.990123, -0.00920192, 0.180838, 0.0727089, -1.0984)
collision_layer = 2
collision_mask = 2
joint_type = 1
joint_offset = Transform3D(1, 0, 0, 0, 1, 0, 0, 0, 1, 6.26597e-07, -1.76913e-06, 0.0173647)
body_offset = Transform3D(1, -7.27177e-06, -1.03414e-05, -1.04606e-05, -1.12504e-06, -1, 7.33882e-06, 1, -1.09524e-06, -4.47035e-07, 0.0173647, 1.78814e-06)
bone_name = "thumb_1.L"
joint_constraints/bias = 0.3
joint_constraints/damping = 1.0
joint_constraints/impulse_clamp = 0.0

[node name="CollisionShape3D" type="CollisionShape3D" parent="rig_base/Skeleton3D/PhysicalBoneSimulator3D/Physical Bone thumb_1_L" index="0"]
transform = Transform3D(1.1, 0, 0, 0, -4.80825e-08, 1.1, 0, -1.1, -4.80825e-08, 0, 0, 0)
shape = SubResource("CapsuleShape3D_ol8cg")
debug_color = Color(0.878299, 0.000386779, 0.827781, 0.42)

[node name="Physical Bone thumb_2_L" type="PhysicalBone3D" parent="rig_base/Skeleton3D/PhysicalBoneSimulator3D" index="19"]
transform = Transform3D(-0.547296, -0.270963, 0.791862, -0.829967, 0.0538453, -0.555207, 0.107802, -0.961083, -0.254359, 0.152133, 0.0885039, -1.09414)
collision_layer = 2
collision_mask = 2
joint_type = 1
joint_offset = Transform3D(1, 0, 0, 0, 1, 0, 0, 0, 1, -4.9705e-06, 1.95268e-06, 0.0160977)
body_offset = Transform3D(1, 3.7998e-07, -7.80821e-06, -8.07643e-06, 4.57466e-06, -1, -4.39584e-07, 1, 4.58956e-06, 5.0962e-06, 0.0160977, -2.02656e-06)
bone_name = "thumb_2.L"
joint_constraints/bias = 0.3
joint_constraints/damping = 1.0
joint_constraints/impulse_clamp = 0.0

[node name="CollisionShape3D" type="CollisionShape3D" parent="rig_base/Skeleton3D/PhysicalBoneSimulator3D/Physical Bone thumb_2_L" index="0"]
transform = Transform3D(1.1, 0, 0, 0, -4.80825e-08, 1.1, 0, -1.1, -4.80825e-08, 0, 0, 0)
shape = SubResource("CapsuleShape3D_52h0e")
debug_color = Color(0.878299, 0.000386779, 0.827781, 0.42)

[node name="Physical Bone neck" type="PhysicalBone3D" parent="rig_base/Skeleton3D/PhysicalBoneSimulator3D" index="20"]
transform = Transform3D(1, 4.53146e-07, -1.56675e-06, 2.84893e-07, 0.897326, 0.441369, 1.60589e-06, -0.441369, 0.897326, 2.41562e-08, 0.0163311, -1.50819)
collision_layer = 2
collision_mask = 2
joint_type = 1
joint_offset = Transform3D(1, 0, 0, 0, 1, 0, 0, 0, 1, 4.14779e-08, -2.13828e-06, 0.0418913)
body_offset = Transform3D(1, 4.53146e-07, -1.56675e-06, -1.56675e-06, -1.49012e-07, -1, -4.53147e-07, 1, -1.78814e-07, 2.41562e-08, 0.0418913, 2.14577e-06)
bone_name = "neck"
joint_constraints/bias = 0.3
joint_constraints/damping = 1.0
joint_constraints/impulse_clamp = 0.0

[node name="CollisionShape3D" type="CollisionShape3D" parent="rig_base/Skeleton3D/PhysicalBoneSimulator3D/Physical Bone neck" index="0"]
transform = Transform3D(1.1, 0, 0, 0, -4.80825e-08, 1.1, 0, -1.1, -4.80825e-08, 0, 0, 0)
shape = SubResource("CapsuleShape3D_qh7a0")
debug_color = Color(0.878299, 0.000386779, 0.827781, 0.42)

[node name="Physical Bone shoulder_R" type="PhysicalBone3D" parent="rig_base/Skeleton3D/PhysicalBoneSimulator3D" index="21"]
transform = Transform3D(0.43509, -0.539402, 0.720931, -0.55587, 0.468964, 0.686354, -0.708312, -0.69937, -0.0957959, -0.103125, 0.00252059, -1.45631)
collision_layer = 2
collision_mask = 2
joint_type = 1
joint_offset = Transform3D(1, 0, 0, 0, 1, 0, 0, 0, 1, 4.75315e-06, -8.71904e-06, 0.0873083)
body_offset = Transform3D(0.999869, -0.0157348, -0.0039255, -1.40071e-06, 0.241974, -0.970283, 0.0162172, 0.970155, 0.241942, 0.000337839, 0.0847158, -0.0211152)
bone_name = "shoulder.R"
joint_constraints/bias = 0.3
joint_constraints/damping = 1.0
joint_constraints/impulse_clamp = 0.0

[node name="CollisionShape3D" type="CollisionShape3D" parent="rig_base/Skeleton3D/PhysicalBoneSimulator3D/Physical Bone shoulder_R" index="0"]
transform = Transform3D(1.1, 0, 0, 0, -4.80825e-08, 1.1, 0, -1.1, -4.80825e-08, 0, 0, 0)
shape = SubResource("CapsuleShape3D_4smbv")
debug_color = Color(0.878299, 0.000386779, 0.827781, 0.42)

[node name="Physical Bone arm_1_R" type="PhysicalBone3D" parent="rig_base/Skeleton3D/PhysicalBoneSimulator3D" index="22"]
transform = Transform3D(-0.785775, 0.0593805, 0.615656, 0.240193, 0.946555, 0.215268, -0.56997, 0.317029, -0.758042, -0.252269, -0.0875443, -1.34178)
collision_layer = 2
collision_mask = 2
joint_type = 1
joint_offset = Transform3D(1, 0, 0, 0, 1, 0, 0, 0, 1, 4.9514e-06, -9.74477e-06, 0.140038)
body_offset = Transform3D(1, -5.1111e-06, -7.32392e-05, -7.34292e-05, 7.06762e-05, -1, 5.0962e-06, 1, 7.04378e-05, 5.30481e-06, 0.140038, -1.19209e-07)
bone_name = "arm_1.R"
joint_constraints/bias = 0.3
joint_constraints/damping = 1.0
joint_constraints/impulse_clamp = 0.0

[node name="CollisionShape3D" type="CollisionShape3D" parent="rig_base/Skeleton3D/PhysicalBoneSimulator3D/Physical Bone arm_1_R" index="0"]
transform = Transform3D(1.1, 0, 0, 0, -4.80825e-08, 1.1, 0, -1.1, -4.80825e-08, 0, 0, 0)
shape = SubResource("CapsuleShape3D_d3usw")
debug_color = Color(0.878299, 0.000386779, 0.827781, 0.42)

[node name="Physical Bone arm_2_R" type="PhysicalBone3D" parent="rig_base/Skeleton3D/PhysicalBoneSimulator3D" index="23"]
transform = Transform3D(-0.665387, 0.541251, -0.514109, 0.742606, 0.409683, -0.529808, -0.0761372, -0.734307, -0.674534, -0.279895, -0.0573033, -1.15875)
collision_layer = 2
collision_mask = 2
joint_type = 1
joint_offset = Transform3D(1, 0, 0, 0, 1, 0, 0, 0, 1, -1.02599e-05, 2.25748e-06, 0.113956)
body_offset = Transform3D(1, 3.75509e-06, -8.97646e-05, -8.9407e-05, 3.01003e-06, -1, -3.60608e-06, 1, 3.20375e-06, 2.04891e-05, 0.113956, -2.6226e-06)
bone_name = "arm_2.R"
joint_constraints/bias = 0.3
joint_constraints/damping = 1.0
joint_constraints/impulse_clamp = 0.0

[node name="CollisionShape3D" type="CollisionShape3D" parent="rig_base/Skeleton3D/PhysicalBoneSimulator3D/Physical Bone arm_2_R" index="0"]
transform = Transform3D(1.1, 0, 0, 0, -4.80825e-08, 1.1, 0, -1.1, -4.80825e-08, 0, 0, 0)
shape = SubResource("CapsuleShape3D_y0hts")
debug_color = Color(0.878299, 0.000386779, 0.827781, 0.42)

[node name="Physical Bone hand_R" type="PhysicalBone3D" parent="rig_base/Skeleton3D/PhysicalBoneSimulator3D" index="24"]
transform = Transform3D(-0.886445, 0.460422, -0.0471962, 0.416039, 0.747984, -0.517138, -0.2028, -0.47805, -0.8546, -0.219554, 0.022332, -1.05054)
collision_layer = 2
collision_mask = 2
joint_type = 1
joint_offset = Transform3D(1, 0, 0, 0, 1, 0, 0, 0, 1, -0.00012947, -0.000235675, 0.0368394)
body_offset = Transform3D(0.982864, 0.173367, 0.062635, 4.17233e-07, 0.339789, -0.940502, -0.184334, 0.924384, 0.333967, -0.00213933, 0.0347276, -0.0121092)
bone_name = "hand.R"
joint_constraints/bias = 0.3
joint_constraints/damping = 1.0
joint_constraints/impulse_clamp = 0.0
script = ExtResource("3_o7jsn")

[node name="CollisionShape3D" type="CollisionShape3D" parent="rig_base/Skeleton3D/PhysicalBoneSimulator3D/Physical Bone hand_R" index="0"]
transform = Transform3D(1.1, 0, 0, 0, -4.80825e-08, 1.1, 0, -1.1, -4.80825e-08, 0, 0, 0)
shape = SubResource("CapsuleShape3D_p5i6u")
debug_color = Color(0.878299, 0.000386779, 0.827781, 0.42)

[node name="Physical Bone pinky_1_R" type="PhysicalBone3D" parent="rig_base/Skeleton3D/PhysicalBoneSimulator3D" index="25"]
transform = Transform3D(-0.688036, 0.599878, -0.408354, 0.70799, 0.431419, -0.559132, -0.15924, -0.673813, -0.721539, -0.209731, 0.0522537, -1.00477)
collision_layer = 2
collision_mask = 2
joint_type = 1
joint_offset = Transform3D(1, 0, 0, 0, 1, 0, 0, 0, 1, -0.000112453, 3.14596e-06, 0.0200131)
body_offset = Transform3D(1, 4.47035e-07, 4.47035e-07, 7.45058e-07, -5.48363e-06, -1, -4.17233e-07, 1, -5.30481e-06, 0.000112444, 0.0200131, -3.03984e-06)
bone_name = "pinky_1.R"
joint_constraints/bias = 0.3
joint_constraints/damping = 1.0
joint_constraints/impulse_clamp = 0.0

[node name="CollisionShape3D" type="CollisionShape3D" parent="rig_base/Skeleton3D/PhysicalBoneSimulator3D/Physical Bone pinky_1_R" index="0"]
transform = Transform3D(1.1, 0, 0, 0, -4.80825e-08, 1.1, 0, -1.1, -4.80825e-08, 0, 0, 0)
shape = SubResource("CapsuleShape3D_ml63j")
debug_color = Color(0.878299, 0.000386779, 0.827781, 0.42)

[node name="Physical Bone pinky_2_R" type="PhysicalBone3D" parent="rig_base/Skeleton3D/PhysicalBoneSimulator3D" index="26"]
transform = Transform3D(-0.526418, 0.574151, -0.627084, 0.84867, 0.399439, -0.34671, 0.051418, -0.714702, -0.697537, -0.19342, 0.0678306, -0.981331)
collision_layer = 2
collision_mask = 2
joint_type = 1
joint_offset = Transform3D(1, 0, 0, 0, 1, 0, 0, 0, 1, 2.09001e-06, 3.54931e-06, 0.0128325)
body_offset = Transform3D(1, -1.54972e-06, -1.46031e-06, -1.2815e-06, 1.87755e-06, -1, 1.49012e-06, 1, 2.10106e-06, -2.07126e-06, 0.0128325, -3.57628e-06)
bone_name = "pinky_2.R"
joint_constraints/bias = 0.3
joint_constraints/damping = 1.0
joint_constraints/impulse_clamp = 0.0

[node name="CollisionShape3D" type="CollisionShape3D" parent="rig_base/Skeleton3D/PhysicalBoneSimulator3D/Physical Bone pinky_2_R" index="0"]
transform = Transform3D(1.1, 0, 0, 0, -4.80825e-08, 1.1, 0, -1.1, -4.80825e-08, 0, 0, 0)
shape = SubResource("CapsuleShape3D_igv2v")
debug_color = Color(0.878299, 0.000386779, 0.827781, 0.42)

[node name="Physical Bone ring_1_R" type="PhysicalBone3D" parent="rig_base/Skeleton3D/PhysicalBoneSimulator3D" index="27"]
transform = Transform3D(-0.699051, 0.58149, -0.41617, 0.699946, 0.437362, -0.564615, -0.1463, -0.685991, -0.71275, -0.197559, 0.0623117, -1.01399)
collision_layer = 2
collision_mask = 2
joint_type = 1
joint_offset = Transform3D(1, 0, 0, 0, 1, 0, 0, 0, 1, 0.000163144, -6.46596e-06, 0.0217803)
body_offset = Transform3D(1, 3.45707e-06, 2.47359e-06, 2.74181e-06, -7.24196e-06, -1, -3.30806e-06, 1, -6.86944e-06, -0.000163198, 0.0217803, 6.61612e-06)
bone_name = "ring_1.R"
joint_constraints/bias = 0.3
joint_constraints/damping = 1.0
joint_constraints/impulse_clamp = 0.0

[node name="CollisionShape3D" type="CollisionShape3D" parent="rig_base/Skeleton3D/PhysicalBoneSimulator3D/Physical Bone ring_1_R" index="0"]
transform = Transform3D(1.1, 0, 0, 0, -4.80825e-08, 1.1, 0, -1.1, -4.80825e-08, 0, 0, 0)
shape = SubResource("CapsuleShape3D_31pt3")
debug_color = Color(0.878299, 0.000386779, 0.827781, 0.42)

[node name="Physical Bone ring_2_R" type="PhysicalBone3D" parent="rig_base/Skeleton3D/PhysicalBoneSimulator3D" index="28"]
transform = Transform3D(-0.575203, 0.581282, -0.575545, 0.817307, 0.437569, -0.374891, 0.0339231, -0.686035, -0.726777, -0.179686, 0.0803785, -0.987303)
collision_layer = 2
collision_mask = 2
joint_type = 1
joint_offset = Transform3D(1, 0, 0, 0, 1, 0, 0, 0, 1, 6.90664e-05, 5.21993e-06, 0.0156289)
body_offset = Transform3D(1, 9.53674e-07, 6.70552e-06, 6.97374e-06, -1.01477e-05, -1, -9.23872e-07, 1, -9.81987e-06, -6.91712e-05, 0.0156289, -5.06639e-06)
bone_name = "ring_2.R"
joint_constraints/bias = 0.3
joint_constraints/damping = 1.0
joint_constraints/impulse_clamp = 0.0

[node name="CollisionShape3D" type="CollisionShape3D" parent="rig_base/Skeleton3D/PhysicalBoneSimulator3D/Physical Bone ring_2_R" index="0"]
transform = Transform3D(1.1, 0, 0, 0, -4.80825e-08, 1.1, 0, -1.1, -4.80825e-08, 0, 0, 0)
shape = SubResource("CapsuleShape3D_hsigb")
debug_color = Color(0.878299, 0.000386779, 0.827781, 0.42)

[node name="Physical Bone mid_1_R" type="PhysicalBone3D" parent="rig_base/Skeleton3D/PhysicalBoneSimulator3D" index="29"]
transform = Transform3D(-0.711217, 0.50253, -0.491563, 0.690908, 0.370706, -0.620663, -0.129676, -0.781051, -0.610854, -0.184698, 0.0737893, -1.02609)
collision_layer = 2
collision_mask = 2
joint_type = 1
joint_offset = Transform3D(1, 0, 0, 0, 1, 0, 0, 0, 1, -0.000459638, -1.22572e-05, 0.0217948)
body_offset = Transform3D(1, 2.98023e-07, -1.51992e-06, -1.04308e-06, -1.2964e-06, -1, -1.78814e-07, 1, -9.83477e-07, 0.000459671, 0.0217948, 1.22786e-05)
bone_name = "mid_1.R"
joint_constraints/bias = 0.3
joint_constraints/damping = 1.0
joint_constraints/impulse_clamp = 0.0

[node name="CollisionShape3D" type="CollisionShape3D" parent="rig_base/Skeleton3D/PhysicalBoneSimulator3D/Physical Bone mid_1_R" index="0"]
transform = Transform3D(1.1, 0, 0, 0, -4.80825e-08, 1.1, 0, -1.1, -4.80825e-08, 0, 0, 0)
shape = SubResource("CapsuleShape3D_btufh")
debug_color = Color(0.878299, 0.000386779, 0.827781, 0.42)

[node name="Physical Bone mid_2_R" type="PhysicalBone3D" parent="rig_base/Skeleton3D/PhysicalBoneSimulator3D" index="30"]
transform = Transform3D(-0.5906, 0.565613, -0.575564, 0.805891, 0.450173, -0.384556, 0.0415938, -0.69096, -0.721695, -0.16449, 0.0930803, -1.00118)
collision_layer = 2
collision_mask = 2
joint_type = 1
joint_offset = Transform3D(1, 0, 0, 0, 1, 0, 0, 0, 1, -1.06172e-06, 1.56385e-05, 0.0160821)
body_offset = Transform3D(1, -0.000614256, -0.00016132, -0.000160873, 0.000220805, -1, 0.000614375, 1, 0.000221044, 3.66569e-06, 0.016082, -1.91927e-05)
bone_name = "mid_2.R"
joint_constraints/bias = 0.3
joint_constraints/damping = 1.0
joint_constraints/impulse_clamp = 0.0

[node name="CollisionShape3D" type="CollisionShape3D" parent="rig_base/Skeleton3D/PhysicalBoneSimulator3D/Physical Bone mid_2_R" index="0"]
transform = Transform3D(1.1, 0, 0, 0, -4.80825e-08, 1.1, 0, -1.1, -4.80825e-08, 0, 0, 0)
shape = SubResource("CapsuleShape3D_kaqhu")
debug_color = Color(0.878299, 0.000386779, 0.827781, 0.42)

[node name="Physical Bone point_1_R" type="PhysicalBone3D" parent="rig_base/Skeleton3D/PhysicalBoneSimulator3D" index="31"]
transform = Transform3D(-0.720787, 0.487946, -0.492316, 0.68362, 0.383, -0.621269, -0.114589, -0.78436, -0.609631, -0.171474, 0.0826409, -1.04569)
collision_layer = 2
collision_mask = 2
joint_type = 1
joint_offset = Transform3D(1, 0, 0, 0, 1, 0, 0, 0, 1, -6.39353e-06, -4.58356e-06, 0.0214773)
body_offset = Transform3D(1, 2.11596e-06, 6.28829e-06, 6.61612e-06, -1.44839e-05, -1, -2.02656e-06, 1, -1.41561e-05, 6.25849e-06, 0.0214773, 4.88758e-06)
bone_name = "point_1.R"
joint_constraints/bias = 0.3
joint_constraints/damping = 1.0
joint_constraints/impulse_clamp = 0.0

[node name="CollisionShape3D" type="CollisionShape3D" parent="rig_base/Skeleton3D/PhysicalBoneSimulator3D/Physical Bone point_1_R" index="0"]
transform = Transform3D(1.1, 0, 0, 0, -4.80825e-08, 1.1, 0, -1.1, -4.80825e-08, 0, 0, 0)
shape = SubResource("CapsuleShape3D_42xq1")
debug_color = Color(0.878299, 0.000386779, 0.827781, 0.42)

[node name="Physical Bone point_2_R" type="PhysicalBone3D" parent="rig_base/Skeleton3D/PhysicalBoneSimulator3D" index="32"]
transform = Transform3D(-0.583028, 0.506056, -0.635599, 0.8113, 0.404283, -0.422312, 0.0432486, -0.761881, -0.646271, -0.150867, 0.102667, -1.02238)
collision_layer = 2
collision_mask = 2
joint_type = 1
joint_offset = Transform3D(1, 0, 0, 0, 1, 0, 0, 0, 1, -2.22173e-05, -2.671e-07, 0.0158102)
body_offset = Transform3D(0.999999, -2.65241e-06, 0.00132608, 0.00132641, 1.49012e-06, -0.999999, 2.71201e-06, 1, 1.81794e-06, 1.2517e-06, 0.0158102, 2.38419e-07)
bone_name = "point_2.R"
joint_constraints/bias = 0.3
joint_constraints/damping = 1.0
joint_constraints/impulse_clamp = 0.0

[node name="CollisionShape3D" type="CollisionShape3D" parent="rig_base/Skeleton3D/PhysicalBoneSimulator3D/Physical Bone point_2_R" index="0"]
transform = Transform3D(1.1, 0, 0, 0, -4.80825e-08, 1.1, 0, -1.1, -4.80825e-08, 0, 0, 0)
shape = SubResource("CapsuleShape3D_syfqy")
